"Condition","Talker","Target","Trial","current_stimulus","response_response","response_time_response","subject_nr","time_Audio1","time_Audio10","time_Audio11","time_Audio12","time_Audio13","time_Audio14","time_Audio15","time_Audio16","time_Audio2","time_Audio3","time_Audio4","time_Audio5","time_Audio6","time_Audio7","time_Audio8","time_Audio9","time_response","title"
"Mixed","Both","tile","25","m160park.wav","NA","NA","120","89971.9956233","NA","NA","NA","NA","NA","NA","NA","NA","NA","NA","NA","NA","NA","NA","NA","NA","Mapping"
"Mixed","Both","tile","25","m160jaw.wav","None","717.538491357","120","89971.9956233","NA","NA","NA","NA","NA","NA","NA","90738.2083296","NA","NA","NA","NA","NA","NA","NA","89986.442095","Mapping"
"Mixed","Both","tile","25","m150romp.wav","None","722.577102657","120","89971.9956233","NA","NA","NA","NA","NA","NA","NA","90738.2083296","91505.0551521","NA","NA","NA","NA","NA","NA","90747.570123","Mapping"
"Mixed","Both","tile","25","m160park.wav","None","721.563938947","120","89971.9956233","NA","NA","NA","NA","NA","NA","NA","90738.2083296","91505.0551521","92271.4490343","NA","NA","NA","NA","NA","91514.6550096","Mapping"
"Mixed","Both","tile","25","m150cad.wav","None","721.548789414","120","89971.9956233","NA","NA","NA","NA","NA","NA","NA","90738.2083296","91505.0551521","92271.4490343","93038.140033","NA","NA","NA","NA","92280.6179031","Mapping"
"Mixed","Both","tile","25","m160tile.wav","space","563.216685026","120","89971.9956233","NA","NA","NA","NA","NA","NA","NA","90738.2083296","91505.0551521","92271.4490343","93038.140033","93787.9170412","NA","NA","NA","93047.0841322","Mapping"
"Mixed","Both","tile","25","m160greet.wav","None","737.043052213","120","89971.9956233","NA","NA","NA","NA","NA","NA","NA","90738.2083296","91505.0551521","92271.4490343","93038.140033","93787.9170412","94555.0513956","NA","NA","93797.2284392","Mapping"
"Mixed","Both","tile","25","m150greet.wav","space","5.84957504179","120","89971.9956233","NA","NA","NA","NA","NA","NA","NA","90738.2083296","91505.0551521","92271.4490343","93038.140033","93787.9170412","94555.0513956","95321.314188","NA","94564.4376138","Mapping"
"Mixed","Both","tile","25","m160reek.wav","None","735.000956862","120","89971.9956233","NA","NA","NA","NA","NA","NA","NA","90738.2083296","91505.0551521","92271.4490343","93038.140033","93787.9170412","94555.0513956","95321.314188","96087.7686685","95330.7251402","Mapping"
"Mixed","Both","tile","25","m150tile.wav","None","734.483090171","120","89971.9956233","96854.755856","NA","NA","NA","NA","NA","NA","90738.2083296","91505.0551521","92271.4490343","93038.140033","93787.9170412","94555.0513956","95321.314188","96087.7686685","96097.1854949","Mapping"
"Mixed","Both","tile","25","m150dime.wav","space","457.910730911","120","89971.9956233","96854.755856","97621.8568196","NA","NA","NA","NA","NA","90738.2083296","91505.0551521","92271.4490343","93038.140033","93787.9170412","94555.0513956","95321.314188","96087.7686685","96864.3337621","Mapping"
"Mixed","Both","tile","25","m150gnash.wav","None","731.099797413","120","89971.9956233","96854.755856","97621.8568196","98388.0831295","NA","NA","NA","NA","90738.2083296","91505.0551521","92271.4490343","93038.140033","93787.9170412","94555.0513956","95321.314188","96087.7686685","97632.1705602","Mapping"
"Mixed","Both","tile","25","m160tile.wav","None","732.205713342","120","89971.9956233","96854.755856","97621.8568196","98388.0831295","99154.5088568","NA","NA","NA","90738.2083296","91505.0551521","92271.4490343","93038.140033","93787.9170412","94555.0513956","95321.314188","96087.7686685","98397.1119424","Mapping"
"Mixed","Both","tile","25","m150cling.wav","space","550.746145484","120","89971.9956233","96854.755856","97621.8568196","98388.0831295","99154.5088568","99921.6027093","NA","NA","90738.2083296","91505.0551521","92271.4490343","93038.140033","93787.9170412","94555.0513956","95321.314188","96087.7686685","99163.470888","Mapping"
"Mixed","Both","tile","25","m150tile.wav","None","730.501854559","120","89971.9956233","96854.755856","97621.8568196","98388.0831295","99154.5088568","99921.6027093","100688.036784","NA","90738.2083296","91505.0551521","92271.4490343","93038.140033","93787.9170412","94555.0513956","95321.314188","96087.7686685","99931.0965202","Mapping"
"Mixed","Both","tile","25","m160park.wav","space","472.388119902","120","89971.9956233","96854.755856","97621.8568196","98388.0831295","99154.5088568","99921.6027093","100688.036784","101454.881443","90738.2083296","91505.0551521","92271.4490343","93038.140033","93787.9170412","94555.0513956","95321.314188","96087.7686685","100697.782881","Mapping"
"Mixed","Both","tile","27","m150greet.wav","None","729.409542284","120","104621.927002","96854.755856","97621.8568196","98388.0831295","99154.5088568","99921.6027093","100688.036784","101454.881443","90738.2083296","91505.0551521","92271.4490343","93038.140033","93787.9170412","94555.0513956","95321.314188","96087.7686685","101464.167797","Mapping"
"Mixed","Both","tile","27","m160dime.wav","None","722.59472555","120","104621.927002","96854.755856","97621.8568196","98388.0831295","99154.5088568","99921.6027093","100688.036784","101454.881443","105388.460322","91505.0551521","92271.4490343","93038.140033","93787.9170412","94555.0513956","95321.314188","96087.7686685","104631.733079","Mapping"
"Mixed","Both","tile","27","m160reek.wav","None","722.16930188","120","104621.927002","96854.755856","97621.8568196","98388.0831295","99154.5088568","99921.6027093","100688.036784","101454.881443","105388.460322","106154.56389","92271.4490343","93038.140033","93787.9170412","94555.0513956","95321.314188","96087.7686685","105398.101918","Mapping"
"Mixed","Both","tile","27","m150tile.wav","None","722.39376232","120","104621.927002","96854.755856","97621.8568196","98388.0831295","99154.5088568","99921.6027093","100688.036784","101454.881443","105388.460322","106154.56389","106922.173445","93038.140033","93787.9170412","94555.0513956","95321.314188","96087.7686685","106163.754401","Mapping"
"Mixed","Both","tile","27","m160dime.wav","space","598.785316572","120","104621.927002","96854.755856","97621.8568196","98388.0831295","99154.5088568","99921.6027093","100688.036784","101454.881443","105388.460322","106154.56389","106922.173445","107688.33792","93787.9170412","94555.0513956","95321.314188","96087.7686685","106931.324072","Mapping"
"Mixed","Both","tile","27","m160knife.wav","None","719.93520949","120","104621.927002","96854.755856","97621.8568196","98388.0831295","99154.5088568","99921.6027093","100688.036784","101454.881443","105388.460322","106154.56389","106922.173445","107688.33792","108454.518163","94555.0513956","95321.314188","96087.7686685","107697.956019","Mapping"
"Mixed","Both","tile","27","m160tile.wav","None","720.578910026","120","104621.927002","96854.755856","97621.8568196","98388.0831295","99154.5088568","99921.6027093","100688.036784","101454.881443","105388.460322","106154.56389","106922.173445","107688.33792","108454.518163","109204.987412","95321.314188","96087.7686685","108463.434127","Mapping"
"Mixed","Both","tile","27","m150park.wav","space","531.435127661","120","104621.927002","96854.755856","97621.8568196","98388.0831295","99154.5088568","99921.6027093","100688.036784","101454.881443","105388.460322","106154.56389","106922.173445","107688.33792","108454.518163","109204.987412","109970.883524","96087.7686685","109214.598709","Mapping"
"Mixed","Both","tile","27","m150dime.wav","None","736.071008607","120","104621.927002","96854.755856","97621.8568196","98388.0831295","99154.5088568","99921.6027093","100688.036784","101454.881443","105388.460322","106154.56389","106922.173445","107688.33792","108454.518163","109204.987412","109970.883524","110737.846905","109979.880492","Mapping"
"Mixed","Both","tile","27","m160tile.wav","space","454.820844403","120","104621.927002","111504.582425","97621.8568196","98388.0831295","99154.5088568","99921.6027093","100688.036784","101454.881443","105388.460322","106154.56389","106922.173445","107688.33792","108454.518163","109204.987412","109970.883524","110737.846905","110747.243017","Mapping"
"Mixed","Both","tile","27","m150depth.wav","space","696.015641734","120","104621.927002","111504.582425","112271.074624","98388.0831295","99154.5088568","99921.6027093","100688.036784","101454.881443","105388.460322","106154.56389","106922.173445","107688.33792","108454.518163","109204.987412","109970.883524","110737.846905","111514.013164","Mapping"
"Mixed","Both","tile","27","m150park.wav","None","733.799815294","120","104621.927002","111504.582425","112271.074624","113037.838279","99154.5088568","99921.6027093","100688.036784","101454.881443","105388.460322","106154.56389","106922.173445","107688.33792","108454.518163","109204.987412","109970.883524","110737.846905","112279.87774","Mapping"
"Mixed","Both","tile","27","m150tile.wav","None","732.623098476","120","104621.927002","111504.582425","112271.074624","113037.838279","113804.631305","99921.6027093","100688.036784","101454.881443","105388.460322","106154.56389","106922.173445","107688.33792","108454.518163","109204.987412","109970.883524","110737.846905","113047.071765","Mapping"
"Mixed","Both","tile","27","m160lash.wav","space","515.998371236","120","104621.927002","111504.582425","112271.074624","113037.838279","113804.631305","114571.063525","100688.036784","101454.881443","105388.460322","106154.56389","106922.173445","107688.33792","108454.518163","109204.987412","109970.883524","110737.846905","113814.014122","Mapping"
"Mixed","Both","tile","27","m160jolt.wav","None","731.57839902","120","104621.927002","111504.582425","112271.074624","113037.838279","113804.631305","114571.063525","115337.733809","101454.881443","105388.460322","106154.56389","106922.173445","107688.33792","108454.518163","109204.987412","109970.883524","110737.846905","114580.392237","Mapping"
"Mixed","Both","tile","27","m150cave.wav","None","731.51470907","120","104621.927002","111504.582425","112271.074624","113037.838279","113804.631305","114571.063525","115337.733809","116104.641848","105388.460322","106154.56389","106922.173445","107688.33792","108454.518163","109204.987412","109970.883524","110737.846905","115346.813636","Mapping"
"Mixed","Both","cave","24","m160reek.wav","None","729.91318698","120","119238.293816","111504.582425","112271.074624","113037.838279","113804.631305","114571.063525","115337.733809","116104.641848","105388.460322","106154.56389","106922.173445","107688.33792","108454.518163","109204.987412","109970.883524","110737.846905","116114.316217","Mapping"
"Mixed","Both","cave","24","m160reek.wav","None","722.600599867","120","119238.293816","111504.582425","112271.074624","113037.838279","113804.631305","114571.063525","115337.733809","116104.641848","120004.984506","106154.56389","106922.173445","107688.33792","108454.518163","109204.987412","109970.883524","110737.846905","119247.78268","Mapping"
"Mixed","Both","cave","24","m160gnash.wav","None","727.862434811","120","119238.293816","111504.582425","112271.074624","113037.838279","113804.631305","114571.063525","115337.733809","116104.641848","120004.984506","120771.806594","106922.173445","107688.33792","108454.518163","109204.987412","109970.883524","110737.846905","120009.654272","Mapping"
"Mixed","Both","cave","24","m150park.wav","None","721.973903826","120","119238.293816","111504.582425","112271.074624","113037.838279","113804.631305","114571.063525","115337.733809","116104.641848","120004.984506","120771.806594","121537.565433","107688.33792","108454.518163","109204.987412","109970.883524","110737.846905","120781.785809","Mapping"
"Mixed","Both","cave","24","m150bluff.wav","None","722.964497865","120","119238.293816","111504.582425","112271.074624","113037.838279","113804.631305","114571.063525","115337.733809","116104.641848","120004.984506","120771.806594","121537.565433","122305.004633","108454.518163","109204.987412","109970.883524","110737.846905","121546.776968","Mapping"
"Mixed","Both","cave","24","m150cave.wav","None","721.141297894","120","119238.293816","111504.582425","112271.074624","113037.838279","113804.631305","114571.063525","115337.733809","116104.641848","120004.984506","120771.806594","121537.565433","122305.004633","123071.702124","109204.987412","109970.883524","110737.846905","122314.730324","Mapping"
"Mixed","Both","cave","24","m150cling.wav","space","368.707494345","120","119238.293816","111504.582425","112271.074624","113037.838279","113804.631305","114571.063525","115337.733809","116104.641848","120004.984506","120771.806594","121537.565433","122305.004633","123071.702124","123838.057669","109970.883524","110737.846905","123081.152342","Mapping"
"Mixed","Both","cave","24","m160cave.wav","space","0.034318305552","120","119238.293816","111504.582425","112271.074624","113037.838279","113804.631305","114571.063525","115337.733809","116104.641848","120004.984506","120771.806594","121537.565433","122305.004633","123071.702124","123838.057669","124604.989205","110737.846905","123848.142002","Mapping"
"Mixed","Both","cave","24","m160done.wav","space","586.617149354","120","119238.293816","111504.582425","112271.074624","113037.838279","113804.631305","114571.063525","115337.733809","116104.641848","120004.984506","120771.806594","121537.565433","122305.004633","123071.702124","123838.057669","124604.989205","125354.255458","124615.24142","Mapping"
"Mixed","Both","cave","24","m160reek.wav","None","735.774510656","120","119238.293816","126120.967171","112271.074624","113037.838279","113804.631305","114571.063525","115337.733809","116104.641848","120004.984506","120771.806594","121537.565433","122305.004633","123071.702124","123838.057669","124604.989205","125354.255458","125363.735046","Mapping"
"Mixed","Both","cave","24","m150cave.wav","None","735.148432956","120","119238.293816","126120.967171","126887.299218","113037.838279","113804.631305","114571.063525","115337.733809","116104.641848","120004.984506","120771.806594","121537.565433","122305.004633","123071.702124","123838.057669","124604.989205","125354.255458","126130.365447","Mapping"
"Mixed","Both","cave","24","m150done.wav","space","625.551759906","120","119238.293816","126120.967171","126887.299218","127654.368337","113804.631305","114571.063525","115337.733809","116104.641848","120004.984506","120771.806594","121537.565433","122305.004633","123071.702124","123838.057669","124604.989205","125354.255458","126896.226313","Mapping"
"Mixed","Both","cave","24","m160cave.wav","None","733.190123865","120","119238.293816","126120.967171","126887.299218","127654.368337","128421.165382","114571.063525","115337.733809","116104.641848","120004.984506","120771.806594","121537.565433","122305.004633","123071.702124","123838.057669","124604.989205","125354.255458","127664.055691","Mapping"
"Mixed","Both","cave","24","m150tile.wav","space","595.013391867","120","119238.293816","126120.967171","126887.299218","127654.368337","128421.165382","129187.283172","115337.733809","116104.641848","120004.984506","120771.806594","121537.565433","122305.004633","123071.702124","123838.057669","124604.989205","125354.255458","128430.763694","Mapping"
"Mixed","Both","cave","24","m160jaw.wav","None","732.875693706","120","119238.293816","126120.967171","126887.299218","127654.368337","128421.165382","129187.283172","129954.496057","116104.641848","120004.984506","120771.806594","121537.565433","122305.004633","123071.702124","123838.057669","124604.989205","125354.255458","129196.388351","Mapping"
"Mixed","Both","cave","24","m150gnash.wav","None","731.750918145","120","119238.293816","126120.967171","126887.299218","127654.368337","128421.165382","129187.283172","129954.496057","130721.073589","120004.984506","120771.806594","121537.565433","122305.004633","123071.702124","123838.057669","124604.989205","125354.255458","129963.626897","Mapping"
"Mixed","Both","ball","8","m160park.wav","None","731.202443247","120","133854.611472","126120.967171","126887.299218","127654.368337","128421.165382","129187.283172","129954.496057","130721.073589","120004.984506","120771.806594","121537.565433","122305.004633","123071.702124","123838.057669","124604.989205","125354.255458","130730.669427","Mapping"
"Mixed","Both","ball","8","m150bluff.wav","None","721.209007024","120","133854.611472","126120.967171","126887.299218","127654.368337","128421.165382","129187.283172","129954.496057","130721.073589","134621.36245","120771.806594","121537.565433","122305.004633","123071.702124","123838.057669","124604.989205","125354.255458","133865.038061","Mapping"
"Mixed","Both","ball","8","m160ball.wav","None","720.078975428","120","133854.611472","126120.967171","126887.299218","127654.368337","128421.165382","129187.283172","129954.496057","130721.073589","134621.36245","135388.215456","121537.565433","122305.004633","123071.702124","123838.057669","124604.989205","125354.255458","134632.062349","Mapping"
"Mixed","Both","ball","8","m150jolt.wav","space","387.694497593","120","133854.611472","126120.967171","126887.299218","127654.368337","128421.165382","129187.283172","129954.496057","130721.073589","134621.36245","135388.215456","136154.233073","122305.004633","123071.702124","123838.057669","124604.989205","125354.255458","135397.949495","Mapping"
"Mixed","Both","ball","8","m160reek.wav","None","720.283957897","120","133854.611472","126120.967171","126887.299218","127654.368337","128421.165382","129187.283172","129954.496057","130721.073589","134621.36245","135388.215456","136154.233073","136904.461167","123071.702124","123838.057669","124604.989205","125354.255458","136163.473361","Mapping"
"Mixed","Both","ball","8","m150ball.wav","None","736.355139699","120","133854.611472","126120.967171","126887.299218","127654.368337","128421.165382","129187.283172","129954.496057","130721.073589","134621.36245","135388.215456","136154.233073","136904.461167","137670.448485","123838.057669","124604.989205","125354.255458","136913.546868","Mapping"
"Mixed","Both","ball","8","m160jaw.wav","space","394.379461184","120","133854.611472","126120.967171","126887.299218","127654.368337","128421.165382","129187.283172","129954.496057","130721.073589","134621.36245","135388.215456","136154.233073","136904.461167","137670.448485","138437.143812","124604.989205","125354.255458","137679.258712","Mapping"
"Mixed","Both","ball","8","m160lash.wav","None","735.378149315","120","133854.611472","126120.967171","126887.299218","127654.368337","128421.165382","129187.283172","129954.496057","130721.073589","134621.36245","135388.215456","136154.233073","136904.461167","137670.448485","138437.143812","139204.169337","125354.255458","138446.306188","Mapping"
"Mixed","Both","ball","8","m150lash.wav","None","734.153201396","120","133854.611472","126120.967171","126887.299218","127654.368337","128421.165382","129187.283172","129954.496057","130721.073589","134621.36245","135388.215456","136154.233073","136904.461167","137670.448485","138437.143812","139204.169337","139970.936084","139213.511653","Mapping"
"Mixed","Both","ball","8","m160ball.wav","None","733.313793491","120","133854.611472","140737.177852","126887.299218","127654.368337","128421.165382","129187.283172","129954.496057","130721.073589","134621.36245","135388.215456","136154.233073","136904.461167","137670.448485","138437.143812","139204.169337","139970.936084","139980.556656","Mapping"
"Mixed","Both","ball","8","m160park.wav","space","375.31609193","120","133854.611472","140737.177852","141504.147726","127654.368337","128421.165382","129187.283172","129954.496057","130721.073589","134621.36245","135388.215456","136154.233073","136904.461167","137670.448485","138437.143812","139204.169337","139970.936084","140746.280248","Mapping"
"Mixed","Both","ball","8","m150cave.wav","None","732.145115209","120","133854.611472","140737.177852","141504.147726","142270.888502","128421.165382","129187.283172","129954.496057","130721.073589","134621.36245","135388.215456","136154.233073","136904.461167","137670.448485","138437.143812","139204.169337","139970.936084","141513.632571","Mapping"
"Mixed","Both","ball","8","m150cave.wav","None","731.526148564","120","133854.611472","140737.177852","141504.147726","142270.888502","143037.481183","129187.283172","129954.496057","130721.073589","134621.36245","135388.215456","136154.233073","136904.461167","137670.448485","138437.143812","139204.169337","139970.936084","142280.421887","Mapping"
"Mixed","Both","ball","8","m150ball.wav","None","731.408044056","120","133854.611472","140737.177852","141504.147726","142270.888502","143037.481183","143804.204336","129954.496057","130721.073589","134621.36245","135388.215456","136154.233073","136904.461167","137670.448485","138437.143812","139204.169337","139970.936084","143047.005602","Mapping"
"Mixed","Both","ball","8","m160lash.wav","space","523.479458352","120","133854.611472","140737.177852","141504.147726","142270.888502","143037.481183","143804.204336","144570.561117","130721.073589","134621.36245","135388.215456","136154.233073","136904.461167","137670.448485","138437.143812","139204.169337","139970.936084","143814.064209","Mapping"
"Mixed","Both","ball","8","m150gnash.wav","None","731.265205599","120","133854.611472","140737.177852","141504.147726","142270.888502","143037.481183","143804.204336","144570.561117","145337.31426","134621.36245","135388.215456","136154.233073","136904.461167","137670.448485","138437.143812","139204.169337","139970.936084","144579.528404","Mapping"
"Mixed","Both","ball","12","m150depth.wav","None","731.331368792","120","148471.342493","140737.177852","141504.147726","142270.888502","143037.481183","143804.204336","144570.561117","145337.31426","134621.36245","135388.215456","136154.233073","136904.461167","137670.448485","138437.143812","139204.169337","139970.936084","145346.314938","Mapping"
"Mixed","Both","ball","12","m160jaw.wav","None","722.461471509","120","148471.342493","140737.177852","141504.147726","142270.888502","143037.481183","143804.204336","144570.561117","145337.31426","149237.245098","135388.215456","136154.233073","136904.461167","137670.448485","138437.143812","139204.169337","139970.936084","148481.094464","Mapping"
"Mixed","Both","ball","12","m160park.wav","None","723.543581029","120","148471.342493","140737.177852","141504.147726","142270.888502","143037.481183","143804.204336","144570.561117","145337.31426","149237.245098","150004.605149","136154.233073","136904.461167","137670.448485","138437.143812","139204.169337","139970.936084","149246.234027","Mapping"
"Mixed","Both","ball","12","m150ball.wav","None","721.629792999","120","148471.342493","140737.177852","141504.147726","142270.888502","143037.481183","143804.204336","144570.561117","145337.31426","149237.245098","150004.605149","150771.078489","136904.461167","137670.448485","138437.143812","139204.169337","139970.936084","150014.466259","Mapping"
"Mixed","Both","ball","12","m150knife.wav","space","333.064042672","120","148471.342493","140737.177852","141504.147726","142270.888502","143037.481183","143804.204336","144570.561117","145337.31426","149237.245098","150004.605149","150771.078489","151537.651383","137670.448485","138437.143812","139204.169337","139970.936084","150780.387723","Mapping"
"Mixed","Both","ball","12","m160dime.wav","None","720.483993588","120","148471.342493","140737.177852","141504.147726","142270.888502","143037.481183","143804.204336","144570.561117","145337.31426","149237.245098","150004.605149","150771.078489","151537.651383","152304.622803","138437.143812","139204.169337","139970.936084","151547.633071","Mapping"
"Mixed","Both","ball","12","m150knife.wav","None","720.097216719","120","148471.342493","140737.177852","141504.147726","142270.888502","143037.481183","143804.204336","144570.561117","145337.31426","149237.245098","150004.605149","150771.078489","151537.651383","152304.622803","153071.095215","139204.169337","139970.936084","152314.377866","Mapping"
"Mixed","Both","ball","12","m160ball.wav","None","719.612431654","120","148471.342493","140737.177852","141504.147726","142270.888502","143037.481183","143804.204336","144570.561117","145337.31426","149237.245098","150004.605149","150771.078489","151537.651383","152304.622803","153071.095215","153837.610603","139970.936084","153081.151723","Mapping"
"Mixed","Both","ball","12","m150knife.wav","space","361.892986752","120","148471.342493","140737.177852","141504.147726","142270.888502","143037.481183","143804.204336","144570.561117","145337.31426","149237.245098","150004.605149","150771.078489","151537.651383","152304.622803","153071.095215","153837.610603","154587.185411","153847.50634","Mapping"
"Mixed","Both","ball","12","m160ball.wav","None","736.413264414","120","148471.342493","155353.897434","141504.147726","142270.888502","143037.481183","143804.204336","144570.561117","145337.31426","149237.245098","150004.605149","150771.078489","151537.651383","152304.622803","153071.095215","153837.610603","154587.185411","154596.325836","Mapping"
"Mixed","Both","ball","12","m150jolt.wav","space","421.663152869","120","148471.342493","155353.897434","156120.28235","142270.888502","143037.481183","143804.204336","144570.561117","145337.31426","149237.245098","150004.605149","150771.078489","151537.651383","152304.622803","153071.095215","153837.610603","154587.185411","155363.682487","Mapping"
"Mixed","Both","ball","12","m150bluff.wav","None","735.039603664","120","148471.342493","155353.897434","156120.28235","156887.132574","143037.481183","143804.204336","144570.561117","145337.31426","149237.245098","150004.605149","150771.078489","151537.651383","152304.622803","153071.095215","153837.610603","154587.185411","156129.859329","Mapping"
"Mixed","Both","ball","12","m160bluff.wav","None","735.105766915","120","148471.342493","155353.897434","156120.28235","156887.132574","157653.87304","143804.204336","144570.561117","145337.31426","149237.245098","150004.605149","150771.078489","151537.651383","152304.622803","153071.095215","153837.610603","154587.185411","156896.199415","Mapping"
"Mixed","Both","ball","12","m150ball.wav","None","734.635513043","120","148471.342493","155353.897434","156120.28235","156887.132574","157653.87304","158420.21529","144570.561117","145337.31426","149237.245098","150004.605149","150771.078489","151537.651383","152304.622803","153071.095215","153837.610603","154587.185411","157663.360667","Mapping"
"Mixed","Both","ball","12","m160lash.wav","space","388.111882727","120","148471.342493","155353.897434","156120.28235","156887.132574","157653.87304","158420.21529","159186.783238","145337.31426","149237.245098","150004.605149","150771.078489","151537.651383","152304.622803","153071.095215","153837.610603","154587.185411","158429.200819","Mapping"
"Mixed","Both","ball","12","m160tile.wav","None","735.064646811","120","148471.342493","155353.897434","156120.28235","156887.132574","157653.87304","158420.21529","159186.783238","159953.866888","149237.245098","150004.605149","150771.078489","151537.651383","152304.622803","153071.095215","153837.610603","154587.185411","159195.678487","Mapping"
"Mixed","Both","cave","23","m160romp.wav","None","733.615238336","120","163087.536788","155353.897434","156120.28235","156887.132574","157653.87304","158420.21529","159186.783238","159953.866888","149237.245098","150004.605149","150771.078489","151537.651383","152304.622803","153071.095215","153837.610603","154587.185411","159963.591033","Mapping"
"Mixed","Both","cave","23","m150reek.wav","None","722.834026325","120","163087.536788","155353.897434","156120.28235","156887.132574","157653.87304","158420.21529","159186.783238","159953.866888","163854.075364","150004.605149","150771.078489","151537.651383","152304.622803","153071.095215","153837.610603","154587.185411","163097.061825","Mapping"
"Mixed","Both","cave","23","m160cave.wav","None","721.846833243","120","163087.536788","155353.897434","156120.28235","156887.132574","157653.87304","158420.21529","159186.783238","159953.866888","163854.075364","164621.026069","150771.078489","151537.651383","152304.622803","153071.095215","153837.610603","154587.185411","163864.271927","Mapping"
"Mixed","Both","cave","23","m150tile.wav","space","450.172101788","120","163087.536788","155353.897434","156120.28235","156887.132574","157653.87304","158420.21529","159186.783238","159953.866888","163854.075364","164621.026069","165387.673165","151537.651383","152304.622803","153071.095215","153837.610603","154587.185411","164631.04764","Mapping"
"Mixed","Both","cave","23","m150ball.wav","None","721.562393068","120","163087.536788","155353.897434","156120.28235","156887.132574","157653.87304","158420.21529","159186.783238","159953.866888","163854.075364","164621.026069","165387.673165","166154.365709","152304.622803","153071.095215","153837.610603","154587.185411","165396.600568","Mapping"
"Mixed","Both","cave","23","m150cling.wav","None","720.327860618","120","163087.536788","155353.897434","156120.28235","156887.132574","157653.87304","158420.21529","159186.783238","159953.866888","163854.075364","164621.026069","165387.673165","166154.365709","166920.45691","153071.095215","153837.610603","154587.185411","166164.074705","Mapping"
"Mixed","Both","cave","23","m150knife.wav","None","720.786675054","120","163087.536788","155353.897434","156120.28235","156887.132574","157653.87304","158420.21529","159186.783238","159953.866888","163854.075364","164621.026069","165387.673165","166154.365709","166920.45691","167687.448426","153837.610603","154587.185411","166929.770472","Mapping"
"Mixed","Both","cave","23","m150cave.wav","None","719.944793906","120","163087.536788","155353.897434","156120.28235","156887.132574","157653.87304","158420.21529","159186.783238","159953.866888","163854.075364","164621.026069","165387.673165","166154.365709","166920.45691","167687.448426","168454.285664","154587.185411","167697.01211","Mapping"
"Mixed","Both","cave","23","m160gnash.wav","space","305.187664053","120","163087.536788","155353.897434","156120.28235","156887.132574","157653.87304","158420.21529","159186.783238","159953.866888","163854.075364","164621.026069","165387.673165","166154.365709","166920.45691","167687.448426","168454.285664","169220.677691","168463.949521","Mapping"
"Mixed","Both","cave","23","m160knife.wav","None","721.166650124","120","163087.536788","169987.338391","156120.28235","156887.132574","157653.87304","158420.21529","159186.783238","159953.866888","163854.075364","164621.026069","165387.673165","166154.365709","166920.45691","167687.448426","168454.285664","169220.677691","169229.948897","Mapping"
"Mixed","Both","cave","23","m150bluff.wav","None","720.359705563","120","163087.536788","169987.338391","170754.394524","156887.132574","157653.87304","158420.21529","159186.783238","159953.866888","163854.075364","164621.026069","165387.673165","166154.365709","166920.45691","167687.448426","168454.285664","169220.677691","169997.037493","Mapping"
"Mixed","Both","cave","23","m160cave.wav","None","718.936267775","120","163087.536788","169987.338391","170754.394524","171520.848386","157653.87304","158420.21529","159186.783238","159953.866888","163854.075364","164621.026069","165387.673165","166154.365709","166920.45691","167687.448426","168454.285664","169220.677691","170764.464945","Mapping"
"Mixed","Both","cave","23","m160park.wav","space","342.52910025","120","163087.536788","169987.338391","170754.394524","171520.848386","172270.302926","158420.21529","159186.783238","159953.866888","163854.075364","164621.026069","165387.673165","166154.365709","166920.45691","167687.448426","168454.285664","169220.677691","171530.631584","Mapping"
"Mixed","Both","cave","23","m160done.wav","None","736.406771757","120","163087.536788","169987.338391","170754.394524","171520.848386","172270.302926","173036.86469","159186.783238","159953.866888","163854.075364","164621.026069","165387.673165","166154.365709","166920.45691","167687.448426","168454.285664","169220.677691","172279.245479","Mapping"
"Mixed","Both","cave","23","m150cave.wav","None","736.099761853","120","163087.536788","169987.338391","170754.394524","171520.848386","172270.302926","173036.86469","173803.412232","159953.866888","163854.075364","164621.026069","165387.673165","166154.365709","166920.45691","167687.448426","168454.285664","169220.677691","173045.899995","Mapping"
"Mixed","Both","cave","23","m160jolt.wav","space","500.056115154","120","163087.536788","169987.338391","170754.394524","171520.848386","172270.302926","173036.86469","173803.412232","174570.24174","163854.075364","164621.026069","165387.673165","166154.365709","166920.45691","167687.448426","168454.285664","169220.677691","173812.992611","Mapping"
"Mixed","Both","done","42","m150gnash.wav","None","734.521427774","120","177704.201337","169987.338391","170754.394524","171520.848386","172270.302926","173036.86469","173803.412232","174570.24174","163854.075364","164621.026069","165387.673165","166154.365709","166920.45691","167687.448426","168454.285664","169220.677691","174579.999277","Mapping"
"Mixed","Both","done","42","m150gnash.wav","None","721.569194866","120","177704.201337","169987.338391","170754.394524","171520.848386","172270.302926","173036.86469","173803.412232","174570.24174","178470.774231","164621.026069","165387.673165","166154.365709","166920.45691","167687.448426","168454.285664","169220.677691","177714.983167","Mapping"
"Mixed","Both","done","42","m160ball.wav","None","722.352642159","120","177704.201337","169987.338391","170754.394524","171520.848386","172270.302926","173036.86469","173803.412232","174570.24174","178470.774231","179237.263648","165387.673165","166154.365709","166920.45691","167687.448426","168454.285664","169220.677691","178480.521255","Mapping"
"Mixed","Both","done","42","m160jolt.wav","space","346.114592918","120","177704.201337","169987.338391","170754.394524","171520.848386","172270.302926","173036.86469","173803.412232","174570.24174","178470.774231","179237.263648","180003.608062","166154.365709","166920.45691","167687.448426","168454.285664","169220.677691","179246.852684","Mapping"
"Mixed","Both","done","42","m160tile.wav","None","727.677548712","120","177704.201337","169987.338391","170754.394524","171520.848386","172270.302926","173036.86469","173803.412232","174570.24174","178470.774231","179237.263648","180003.608062","180770.803633","166920.45691","167687.448426","168454.285664","169220.677691","180007.359582","Mapping"
"Mixed","Both","done","42","m160done.wav","None","720.78914853","120","177704.201337","169987.338391","170754.394524","171520.848386","172270.302926","173036.86469","173803.412232","174570.24174","178470.774231","179237.263648","180003.608062","180770.803633","181537.266461","167687.448426","168454.285664","169220.677691","180780.592396","Mapping"
"Mixed","Both","done","42","m150priest.wav","None","720.926112612","120","177704.201337","169987.338391","170754.394524","171520.848386","172270.302926","173036.86469","173803.412232","174570.24174","178470.774231","179237.263648","180003.608062","180770.803633","181537.266461","182303.702391","168454.285664","169220.677691","181546.897546","Mapping"
"Mixed","Both","done","42","m150dime.wav","space","0.0275165075436","120","177704.201337","169987.338391","170754.394524","171520.848386","172270.302926","173036.86469","173803.412232","174570.24174","178470.774231","179237.263648","180003.608062","180770.803633","181537.266461","182303.702391","183070.187789","169220.677691","182312.992147","Mapping"
"Mixed","Both","done","42","m160done.wav","None","720.483375248","120","177704.201337","169987.338391","170754.394524","171520.848386","172270.302926","173036.86469","173803.412232","174570.24174","178470.774231","179237.263648","180003.608062","180770.803633","181537.266461","182303.702391","183070.187789","183836.77305","183079.418184","Mapping"
"Mixed","Both","done","42","m160bluff.wav","space","555.295333965","120","177704.201337","184586.598908","170754.394524","171520.848386","172270.302926","173036.86469","173803.412232","174570.24174","178470.774231","179237.263648","180003.608062","180770.803633","181537.266461","182303.702391","183070.187789","183836.77305","183845.631817","Mapping"
"Mixed","Both","done","42","m150knife.wav","None","735.931261908","120","177704.201337","184586.598908","185353.083069","171520.848386","172270.302926","173036.86469","173803.412232","174570.24174","178470.774231","179237.263648","180003.608062","180770.803633","181537.266461","182303.702391","183070.187789","183836.77305","184596.216698","Mapping"
"Mixed","Both","done","42","m150done.wav","None","736.564450606","120","177704.201337","184586.598908","185353.083069","186119.976886","172270.302926","173036.86469","173803.412232","174570.24174","178470.774231","179237.263648","180003.608062","180770.803633","181537.266461","182303.702391","183070.187789","183836.77305","185361.854649","Mapping"
"Mixed","Both","done","42","m150knife.wav","space","495.220322162","120","177704.201337","184586.598908","185353.083069","186119.976886","186886.686126","173036.86469","173803.412232","174570.24174","178470.774231","179237.263648","180003.608062","180770.803633","181537.266461","182303.702391","183070.187789","183836.77305","186129.698249","Mapping"
"Mixed","Both","done","42","m160ball.wav","None","734.721772664","120","177704.201337","184586.598908","185353.083069","186119.976886","186886.686126","187653.43896","173803.412232","174570.24174","178470.774231","179237.263648","180003.608062","180770.803633","181537.266461","182303.702391","183070.187789","183836.77305","186895.693606","Mapping"
"Mixed","Both","done","42","m150done.wav","None","733.883601497","120","177704.201337","184586.598908","185353.083069","186119.976886","186886.686126","187653.43896","188420.158711","174570.24174","178470.774231","179237.263648","180003.608062","180770.803633","181537.266461","182303.702391","183070.187789","183836.77305","187663.046237","Mapping"
"Mixed","Both","done","42","m160knife.wav","space","731.448236678","120","177704.201337","184586.598908","185353.083069","186119.976886","186886.686126","187653.43896","188420.158711","189186.698215","178470.774231","179237.263648","180003.608062","180770.803633","181537.266461","182303.702391","183070.187789","183836.77305","188429.430226","Mapping"
"Mixed","Both","cave","14","m150priest.wav","None","733.40190819","120","192320.709443","184586.598908","185353.083069","186119.976886","186886.686126","187653.43896","188420.158711","189186.698215","178470.774231","179237.263648","180003.608062","180770.803633","181537.266461","182303.702391","183070.187789","183836.77305","189195.840185","Mapping"
"Mixed","Both","cave","14","m150cling.wav","None","721.923817648","120","192320.709443","184586.598908","185353.083069","186119.976886","186886.686126","187653.43896","188420.158711","189186.698215","193086.9407","179237.263648","180003.608062","180770.803633","181537.266461","182303.702391","183070.187789","183836.77305","192330.315175","Mapping"
"Mixed","Both","cave","14","m150reek.wav","None","721.913614892","120","192320.709443","184586.598908","185353.083069","186119.976886","186886.686126","187653.43896","188420.158711","189186.698215","193086.9407","193853.879038","180003.608062","180770.803633","181537.266461","182303.702391","183070.187789","183836.77305","193096.716787","Mapping"
"Mixed","Both","cave","14","m160depth.wav","None","721.201895969","120","192320.709443","184586.598908","185353.083069","186119.976886","186886.686126","187653.43896","188420.158711","189186.698215","193086.9407","193853.879038","194619.987862","180770.803633","181537.266461","182303.702391","183070.187789","183836.77305","193863.714177","Mapping"
"Mixed","Both","cave","14","m150knife.wav","None","721.900011238","120","192320.709443","184586.598908","185353.083069","186119.976886","186886.686126","187653.43896","188420.158711","189186.698215","193086.9407","193853.879038","194619.987862","195386.854162","181537.266461","182303.702391","183070.187789","183836.77305","194629.196305","Mapping"
"Mixed","Both","cave","14","m150bluff.wav","None","721.73645813","120","192320.709443","184586.598908","185353.083069","186119.976886","186886.686126","187653.43896","188420.158711","189186.698215","193086.9407","193853.879038","194619.987862","195386.854162","196153.879997","182303.702391","183070.187789","183836.77305","195395.754049","Mapping"
"Mixed","Both","cave","14","m160cave.wav","None","720.180075383","120","192320.709443","184586.598908","185353.083069","186119.976886","186886.686126","187653.43896","188420.158711","189186.698215","193086.9407","193853.879038","194619.987862","195386.854162","196153.879997","196920.615207","183070.187789","183836.77305","196163.637842","Mapping"
"Mixed","Both","cave","14","m160cling.wav","space","334.486552922","120","192320.709443","184586.598908","185353.083069","186119.976886","186886.686126","187653.43896","188420.158711","189186.698215","193086.9407","193853.879038","194619.987862","195386.854162","196153.879997","196920.615207","197687.044954","183836.77305","196930.27659","Mapping"
"Mixed","Both","cave","14","m160cave.wav","None","719.467738178","120","192320.709443","184586.598908","185353.083069","186119.976886","186886.686126","187653.43896","188420.158711","189186.698215","193086.9407","193853.879038","194619.987862","195386.854162","196153.879997","196920.615207","197687.044954","198436.671394","197696.649758","Mapping"
"Mixed","Both","cave","14","m150bluff.wav","space","482.955692569","120","192320.709443","199203.187709","185353.083069","186119.976886","186886.686126","187653.43896","188420.158711","189186.698215","193086.9407","193853.879038","194619.987862","195386.854162","196153.879997","196920.615207","197687.044954","198436.671394","198445.758641","Mapping"
"Mixed","Both","cave","14","m160bluff.wav","None","735.617450206","120","192320.709443","199203.187709","199969.857684","186119.976886","186886.686126","187653.43896","188420.158711","189186.698215","193086.9407","193853.879038","194619.987862","195386.854162","196153.879997","196920.615207","197687.044954","198436.671394","199212.601753","Mapping"
"Mixed","Both","cave","14","m150cave.wav","None","735.74668495","120","192320.709443","199203.187709","199969.857684","200753.091664","186886.686126","187653.43896","188420.158711","189186.698215","193086.9407","193853.879038","194619.987862","195386.854162","196153.879997","196920.615207","197687.044954","198436.671394","199979.229371","Mapping"
"Mixed","Both","cave","14","m160reek.wav","space","382.810473442","120","192320.709443","199203.187709","199969.857684","200753.091664","201520.339486","187653.43896","188420.158711","189186.698215","193086.9407","193853.879038","194619.987862","195386.854162","196153.879997","196920.615207","197687.044954","198436.671394","200761.843148","Mapping"
"Mixed","Both","cave","14","m150cave.wav","None","720.767506282","120","192320.709443","199203.187709","199969.857684","200753.091664","201520.339486","202286.434087","188420.158711","189186.698215","193086.9407","193853.879038","194619.987862","195386.854162","196153.879997","196920.615207","197687.044954","198436.671394","201530.221928","Mapping"
"Mixed","Both","cave","14","m160cling.wav","space","614.872575388","120","192320.709443","199203.187709","199969.857684","200753.091664","201520.339486","202286.434087","203053.740961","189186.698215","193086.9407","193853.879038","194619.987862","195386.854162","196153.879997","196920.615207","197687.044954","198436.671394","202289.827274","Mapping"
"Mixed","Both","cave","14","m160done.wav","None","719.634692185","120","192320.709443","199203.187709","199969.857684","200753.091664","201520.339486","202286.434087","203053.740961","203820.414955","193086.9407","193853.879038","194619.987862","195386.854162","196153.879997","196920.615207","197687.044954","198436.671394","203063.558477","Mapping"
"Mixed","Both","cave","20","m160ball.wav","None","719.449806085","120","206936.722871","199203.187709","199969.857684","200753.091664","201520.339486","202286.434087","203053.740961","203820.414955","193086.9407","193853.879038","194619.987862","195386.854162","196153.879997","196920.615207","197687.044954","198436.671394","203830.246384","Mapping"
"Mixed","Both","cave","20","m160cave.wav","None","722.535673296","120","206936.722871","199203.187709","199969.857684","200753.091664","201520.339486","202286.434087","203053.740961","203820.414955","207703.780241","193853.879038","194619.987862","195386.854162","196153.879997","196920.615207","197687.044954","198436.671394","206946.481026","Mapping"
"Mixed","Both","cave","20","m150dime.wav","space","390.749756654","120","206936.722871","199203.187709","199969.857684","200753.091664","201520.339486","202286.434087","203053.740961","203820.414955","207703.780241","208470.295629","194619.987862","195386.854162","196153.879997","196920.615207","197687.044954","198436.671394","207713.854372","Mapping"
"Mixed","Both","cave","20","m150priest.wav","None","721.480152686","120","206936.722871","199203.187709","199969.857684","200753.091664","201520.339486","202286.434087","203053.740961","203820.414955","207703.780241","208470.295629","209236.888001","195386.854162","196153.879997","196920.615207","197687.044954","198436.671394","208479.933824","Mapping"
"Mixed","Both","cave","20","m150cling.wav","None","721.793036966","120","206936.722871","199203.187709","199969.857684","200753.091664","201520.339486","202286.434087","203053.740961","203820.414955","207703.780241","208470.295629","209236.888001","210003.659695","196153.879997","196920.615207","197687.044954","198436.671394","209246.213931","Mapping"
"Mixed","Both","cave","20","m160greet.wav","None","721.494065598","120","206936.722871","199203.187709","199969.857684","200753.091664","201520.339486","202286.434087","203053.740961","203820.414955","207703.780241","208470.295629","209236.888001","210003.659695","210770.491986","196920.615207","197687.044954","198436.671394","210013.164945","Mapping"
"Mixed","Both","cave","20","m150priest.wav","None","720.681865059","120","206936.722871","199203.187709","199969.857684","200753.091664","201520.339486","202286.434087","203053.740961","203820.414955","207703.780241","208470.295629","209236.888001","210003.659695","210770.491986","211536.735919","197687.044954","198436.671394","210780.675873","Mapping"
"Mixed","Both","cave","20","m160dime.wav","None","721.307633561","120","206936.722871","199203.187709","199969.857684","200753.091664","201520.339486","202286.434087","203053.740961","203820.414955","207703.780241","208470.295629","209236.888001","210003.659695","210770.491986","211536.735919","212303.643339","198436.671394","211546.452026","Mapping"
"Mixed","Both","cave","20","m150cave.wav","None","720.959194237","120","206936.722871","199203.187709","199969.857684","200753.091664","201520.339486","202286.434087","203053.740961","203820.414955","207703.780241","208470.295629","209236.888001","210003.659695","210770.491986","211536.735919","212303.643339","213069.708879","212313.374905","Mapping"
"Mixed","Both","cave","20","m160depth.wav","space","425.641605922","120","206936.722871","213836.614444","199969.857684","200753.091664","201520.339486","202286.434087","203053.740961","203820.414955","207703.780241","208470.295629","209236.888001","210003.659695","210770.491986","211536.735919","212303.643339","213069.708879","213078.876511","Mapping"
"Mixed","Both","cave","20","m150cave.wav","None","720.052695659","120","206936.722871","213836.614444","214603.279781","200753.091664","201520.339486","202286.434087","203053.740961","203820.414955","207703.780241","208470.295629","209236.888001","210003.659695","210770.491986","211536.735919","212303.643339","213069.708879","213846.425468","Mapping"
"Mixed","Both","cave","20","m150reek.wav","space","555.476819223","120","206936.722871","213836.614444","214603.279781","215353.096982","201520.339486","202286.434087","203053.740961","203820.414955","207703.780241","208470.295629","209236.888001","210003.659695","210770.491986","211536.735919","212303.643339","213069.708879","214613.008255","Mapping"
"Mixed","Both","cave","20","m160reek.wav","None","736.780563369","120","206936.722871","213836.614444","214603.279781","215353.096982","216119.856617","202286.434087","203053.740961","203820.414955","207703.780241","208470.295629","209236.888001","210003.659695","210770.491986","211536.735919","212303.643339","213069.708879","215361.976155","Mapping"
"Mixed","Both","cave","20","m160cave.wav","None","736.620720301","120","206936.722871","213836.614444","214603.279781","215353.096982","216119.856617","216886.140125","203053.740961","203820.414955","207703.780241","208470.295629","209236.888001","210003.659695","210770.491986","211536.735919","212303.643339","213069.708879","216128.75434","Mapping"
"Mixed","Both","cave","20","m160cling.wav","space","529.517320392","120","206936.722871","213836.614444","214603.279781","215353.096982","216119.856617","216886.140125","217652.760632","203820.414955","207703.780241","208470.295629","209236.888001","210003.659695","210770.491986","211536.735919","212303.643339","213069.708879","216894.946641","Mapping"
"Mixed","Both","cave","20","m150gnash.wav","None","735.416177777","120","206936.722871","213836.614444","214603.279781","215353.096982","216119.856617","216886.140125","217652.760632","218419.462142","207703.780241","208470.295629","209236.888001","210003.659695","210770.491986","211536.735919","212303.643339","213069.708879","217661.960108","Mapping"
"Mixed","Both","done","44","m150reek.wav","None","735.257262248","120","221553.673406","213836.614444","214603.279781","215353.096982","216119.856617","216886.140125","217652.760632","218419.462142","207703.780241","208470.295629","209236.888001","210003.659695","210770.491986","211536.735919","212303.643339","213069.708879","218428.870312","Mapping"
"Mixed","Both","done","44","m160done.wav","None","722.431481583","120","221553.673406","213836.614444","214603.279781","215353.096982","216119.856617","216886.140125","217652.760632","218419.462142","222320.090477","208470.295629","209236.888001","210003.659695","210770.491986","211536.735919","212303.643339","213069.708879","221563.29336","Mapping"
"Mixed","Both","done","44","m150lash.wav","space","534.263452864","120","221553.673406","213836.614444","214603.279781","215353.096982","216119.856617","216886.140125","217652.760632","218419.462142","222320.090477","223086.58515","209236.888001","210003.659695","210770.491986","211536.735919","212303.643339","213069.708879","222330.105555","Mapping"
"Mixed","Both","done","44","m150park.wav","None","721.590837056","120","221553.673406","213836.614444","214603.279781","215353.096982","216119.856617","216886.140125","217652.760632","218419.462142","222320.090477","223086.58515","223853.422697","210003.659695","210770.491986","211536.735919","212303.643339","213069.708879","223096.385661","Mapping"
"Mixed","Both","done","44","m160cad.wav","None","721.486645401","120","221553.673406","213836.614444","214603.279781","215353.096982","216119.856617","216886.140125","217652.760632","218419.462142","222320.090477","223086.58515","223853.422697","224620.087107","210770.491986","211536.735919","212303.643339","213069.708879","223863.215479","Mapping"
"Mixed","Both","done","44","m160tile.wav","None","721.992454317","120","221553.673406","213836.614444","214603.279781","215353.096982","216119.856617","216886.140125","217652.760632","218419.462142","222320.090477","223086.58515","223853.422697","224620.087107","225386.412352","211536.735919","212303.643339","213069.708879","224629.20558","Mapping"
"Mixed","Both","done","44","m150done.wav","None","722.394071519","120","221553.673406","213836.614444","214603.279781","215353.096982","216119.856617","216886.140125","217652.760632","218419.462142","222320.090477","223086.58515","223853.422697","224620.087107","225386.412352","226153.385318","212303.643339","213069.708879","225395.356142","Mapping"
"Mixed","Both","done","44","m160lash.wav","space","372.938851826","120","221553.673406","213836.614444","214603.279781","215353.096982","216119.856617","216886.140125","217652.760632","218419.462142","222320.090477","223086.58515","223853.422697","224620.087107","225386.412352","226153.385318","226919.638835","213069.708879","226163.369788","Mapping"
"Mixed","Both","done","44","m160bluff.wav","None","721.71543428","120","221553.673406","213836.614444","214603.279781","215353.096982","216119.856617","216886.140125","217652.760632","218419.462142","222320.090477","223086.58515","223853.422697","224620.087107","225386.412352","226153.385318","226919.638835","227686.491532","226928.658064","Mapping"
"Mixed","Both","done","44","m150knife.wav","None","720.741226454","120","221553.673406","228452.709494","214603.279781","215353.096982","216119.856617","216886.140125","217652.760632","218419.462142","222320.090477","223086.58515","223853.422697","224620.087107","225386.412352","226153.385318","226919.638835","227686.491532","227696.178267","Mapping"
"Mixed","Both","done","44","m150priest.wav","None","721.89753782","120","221553.673406","228452.709494","229219.95917","215353.096982","216119.856617","216886.140125","217652.760632","218419.462142","222320.090477","223086.58515","223853.422697","224620.087107","225386.412352","226153.385318","226919.638835","227686.491532","228461.678327","Mapping"
"Mixed","Both","done","44","m160cad.wav","None","720.374545956","120","221553.673406","228452.709494","229219.95917","229986.477959","216119.856617","216886.140125","217652.760632","218419.462142","222320.090477","223086.58515","223853.422697","224620.087107","225386.412352","226153.385318","226919.638835","227686.491532","229229.830792","Mapping"
"Mixed","Both","done","44","m150done.wav","None","720.687739376","120","221553.673406","228452.709494","229219.95917","229986.477959","230753.368993","216886.140125","217652.760632","218419.462142","222320.090477","223086.58515","223853.422697","224620.087107","225386.412352","226153.385318","226919.638835","227686.491532","229996.146763","Mapping"
"Mixed","Both","done","44","m160reek.wav","space","493.081764493","120","221553.673406","228452.709494","229219.95917","229986.477959","230753.368993","231519.537797","217652.760632","218419.462142","222320.090477","223086.58515","223853.422697","224620.087107","225386.412352","226153.385318","226919.638835","227686.491532","230763.202896","Mapping"
"Mixed","Both","done","44","m160done.wav","None","719.992406666","120","221553.673406","228452.709494","229219.95917","229986.477959","230753.368993","231519.537797","232285.8077","218419.462142","222320.090477","223086.58515","223853.422697","224620.087107","225386.412352","226153.385318","226919.638835","227686.491532","231529.164862","Mapping"
"Mixed","Both","done","44","m150cave.wav","space","473.779094464","120","221553.673406","228452.709494","229219.95917","229986.477959","230753.368993","231519.537797","232285.8077","233036.097938","222320.090477","223086.58515","223853.422697","224620.087107","225386.412352","226153.385318","226919.638835","227686.491532","232294.432423","Mapping"
"Mixed","Both","ball","7","m160cave.wav","None","736.607116647","120","236169.905421","228452.709494","229219.95917","229986.477959","230753.368993","231519.537797","232285.8077","233036.097938","222320.090477","223086.58515","223853.422697","224620.087107","225386.412352","226153.385318","226919.638835","227686.491532","233045.064607","Mapping"
"Mixed","Both","ball","7","m160cave.wav","None","721.701521426","120","236169.905421","228452.709494","229219.95917","229986.477959","230753.368993","231519.537797","232285.8077","233036.097938","236936.499957","223086.58515","223853.422697","224620.087107","225386.412352","226153.385318","226919.638835","227686.491532","236179.955436","Mapping"
"Mixed","Both","ball","7","m150ball.wav","None","722.255870642","120","236169.905421","228452.709494","229219.95917","229986.477959","230753.368993","231519.537797","232285.8077","233036.097938","236936.499957","237703.317408","223853.422697","224620.087107","225386.412352","226153.385318","226919.638835","227686.491532","236946.151756","Mapping"
"Mixed","Both","ball","7","m150jaw.wav","space","318.982396566","120","236169.905421","228452.709494","229219.95917","229986.477959","230753.368993","231519.537797","232285.8077","233036.097938","236936.499957","237703.317408","238469.997585","224620.087107","225386.412352","226153.385318","226919.638835","227686.491532","237713.180063","Mapping"
"Mixed","Both","ball","7","m160done.wav","None","721.40193166","120","236169.905421","228452.709494","229219.95917","229986.477959","230753.368993","231519.537797","232285.8077","233036.097938","236936.499957","237703.317408","238469.997585","239235.963571","225386.412352","226153.385318","226919.638835","227686.491532","238479.836435","Mapping"
"Mixed","Both","ball","7","m150reek.wav","None","722.872982267","120","236169.905421","228452.709494","229219.95917","229986.477959","230753.368993","231519.537797","232285.8077","233036.097938","236936.499957","237703.317408","238469.997585","239235.963571","240003.170272","226153.385318","226919.638835","227686.491532","239245.085445","Mapping"
"Mixed","Both","ball","7","m150ball.wav","None","727.185034251","120","236169.905421","228452.709494","229219.95917","229986.477959","230753.368993","231519.537797","232285.8077","233036.097938","236936.499957","237703.317408","238469.997585","239235.963571","240003.170272","240769.79789","226919.638835","227686.491532","240007.5287","Mapping"
"Mixed","Both","ball","7","m150bluff.wav","space","412.251891627","120","236169.905421","228452.709494","229219.95917","229986.477959","230753.368993","231519.537797","232285.8077","233036.097938","236936.499957","237703.317408","238469.997585","239235.963571","240003.170272","240769.79789","241536.393663","227686.491532","240779.865219","Mapping"
"Mixed","Both","ball","7","m160ball.wav","None","721.06400429","120","236169.905421","228452.709494","229219.95917","229986.477959","230753.368993","231519.537797","232285.8077","233036.097938","236936.499957","237703.317408","238469.997585","239235.963571","240003.170272","240769.79789","241536.393663","242303.197819","241545.961675","Mapping"
"Mixed","Both","ball","7","m160priest.wav","space","622.713541146","120","236169.905421","243069.726501","229219.95917","229986.477959","230753.368993","231519.537797","232285.8077","233036.097938","236936.499957","237703.317408","238469.997585","239235.963571","240003.170272","240769.79789","241536.393663","242303.197819","242313.360374","Mapping"
"Mixed","Both","ball","7","m160ball.wav","None","719.886669132","120","236169.905421","243069.726501","243835.886957","229986.477959","230753.368993","231519.537797","232285.8077","233036.097938","236936.499957","237703.317408","238469.997585","239235.963571","240003.170272","240769.79789","241536.393663","242303.197819","243079.577099","Mapping"
"Mixed","Both","ball","7","m160dime.wav","space","563.039837405","120","236169.905421","243069.726501","243835.886957","244603.149001","230753.368993","231519.537797","232285.8077","233036.097938","236936.499957","237703.317408","238469.997585","239235.963571","240003.170272","240769.79789","241536.393663","242303.197819","243845.015943","Mapping"
"Mixed","Both","ball","7","m150reek.wav","None","718.941214553","120","236169.905421","243069.726501","243835.886957","244603.149001","245369.848038","231519.537797","232285.8077","233036.097938","236936.499957","237703.317408","238469.997585","239235.963571","240003.170272","240769.79789","241536.393663","242303.197819","244613.025569","Mapping"
"Mixed","Both","ball","7","m150tile.wav","None","719.370039122","120","236169.905421","243069.726501","243835.886957","244603.149001","245369.848038","246136.280567","232285.8077","233036.097938","236936.499957","237703.317408","238469.997585","239235.963571","240003.170272","240769.79789","241536.393663","242303.197819","245379.465518","Mapping"
"Mixed","Both","ball","7","m150done.wav","None","719.393536332","120","236169.905421","243069.726501","243835.886957","244603.149001","245369.848038","246136.280567","246902.451844","233036.097938","236936.499957","237703.317408","238469.997585","239235.963571","240003.170272","240769.79789","241536.393663","242303.197819","246146.218352","Mapping"
"Mixed","Both","ball","7","m160gnash.wav","None","720.963522675","120","236169.905421","243069.726501","243835.886957","244603.149001","245369.848038","246136.280567","246902.451844","247669.932164","236936.499957","237703.317408","238469.997585","239235.963571","240003.170272","240769.79789","241536.393663","242303.197819","246911.626896","Mapping"
"Mixed","Both","done","38","m150lash.wav","None","719.550596841","120","250786.231733","243069.726501","243835.886957","244603.149001","245369.848038","246136.280567","246902.451844","247669.932164","236936.499957","237703.317408","238469.997585","239235.963571","240003.170272","240769.79789","241536.393663","242303.197819","247679.916634","Mapping"
"Mixed","Both","done","38","m150cad.wav","None","722.652541124","120","250786.231733","243069.726501","243835.886957","244603.149001","245369.848038","246136.280567","246902.451844","247669.932164","251552.988276","237703.317408","238469.997585","239235.963571","240003.170272","240769.79789","241536.393663","242303.197819","250795.774702","Mapping"
"Mixed","Both","done","38","m160cling.wav","None","722.000492795","120","250786.231733","243069.726501","243835.886957","244603.149001","245369.848038","246136.280567","246902.451844","247669.932164","251552.988276","252319.65856","238469.997585","239235.963571","240003.170272","240769.79789","241536.393663","242303.197819","251563.290578","Mapping"
"Mixed","Both","done","38","m150dime.wav","None","722.802181437","120","250786.231733","243069.726501","243835.886957","244603.149001","245369.848038","246136.280567","246902.451844","247669.932164","251552.988276","252319.65856","253086.067901","239235.963571","240003.170272","240769.79789","241536.393663","242303.197819","252329.144642","Mapping"
"Mixed","Both","done","38","m160cad.wav","None","722.804036457","120","250786.231733","243069.726501","243835.886957","244603.149001","245369.848038","246136.280567","246902.451844","247669.932164","251552.988276","252319.65856","253086.067901","253852.305651","240003.170272","240769.79789","241536.393663","242303.197819","253095.918808","Mapping"
"Mixed","Both","done","38","m150done.wav","None","723.821837746","120","250786.231733","243069.726501","243835.886957","244603.149001","245369.848038","246136.280567","246902.451844","247669.932164","251552.988276","252319.65856","253086.067901","253852.305651","254619.155565","240769.79789","241536.393663","242303.197819","253861.680739","Mapping"
"Mixed","Both","done","38","m150bluff.wav","space","379.523024661","120","250786.231733","243069.726501","243835.886957","244603.149001","245369.848038","246136.280567","246902.451844","247669.932164","251552.988276","252319.65856","253086.067901","253852.305651","254619.155565","255385.703725","241536.393663","242303.197819","254628.40822","Mapping"
"Mixed","Both","done","38","m160done.wav","None","723.344163736","120","250786.231733","243069.726501","243835.886957","244603.149001","245369.848038","246136.280567","246902.451844","247669.932164","251552.988276","252319.65856","253086.067901","253852.305651","254619.155565","255385.703725","256153.042444","242303.197819","255394.517353","Mapping"
"Mixed","Both","done","38","m160bluff.wav","space","413.094082032","120","250786.231733","243069.726501","243835.886957","244603.149001","245369.848038","246136.280567","246902.451844","247669.932164","251552.988276","252319.65856","253086.067901","253852.305651","254619.155565","255385.703725","256153.042444","256919.629869","256162.789159","Mapping"
"Mixed","Both","done","38","m150jolt.wav","None","720.946208923","120","250786.231733","257685.603893","243835.886957","244603.149001","245369.848038","246136.280567","246902.451844","247669.932164","251552.988276","252319.65856","253086.067901","253852.305651","254619.155565","255385.703725","256153.042444","256919.629869","256929.473047","Mapping"
"Mixed","Both","done","38","m150done.wav","None","722.649449366","120","250786.231733","257685.603893","258452.21698","244603.149001","245369.848038","246136.280567","246902.451844","247669.932164","251552.988276","252319.65856","253086.067901","253852.305651","254619.155565","255385.703725","256153.042444","256919.629869","257694.671971","Mapping"
"Mixed","Both","done","38","m160cave.wav","space","434.31332265","120","250786.231733","257685.603893","258452.21698","259219.579814","245369.848038","246136.280567","246902.451844","247669.932164","251552.988276","252319.65856","253086.067901","253852.305651","254619.155565","255385.703725","256153.042444","256919.629869","258461.549402","Mapping"
"Mixed","Both","done","38","m150ball.wav","None","720.757921867","120","250786.231733","257685.603893","258452.21698","259219.579814","259986.137249","246136.280567","246902.451844","247669.932164","251552.988276","252319.65856","253086.067901","253852.305651","254619.155565","255385.703725","256153.042444","256919.629869","259229.215536","Mapping"
"Mixed","Both","done","38","m160done.wav","None","720.724221901","120","250786.231733","257685.603893","258452.21698","259219.579814","259986.137249","260752.860093","246902.451844","247669.932164","251552.988276","252319.65856","253086.067901","253852.305651","254619.155565","255385.703725","256153.042444","256919.629869","259996.047208","Mapping"
"Mixed","Both","done","38","m160jaw.wav","space","373.009961913","120","250786.231733","257685.603893","258452.21698","259219.579814","259986.137249","260752.860093","261519.561913","247669.932164","251552.988276","252319.65856","253086.067901","253852.305651","254619.155565","255385.703725","256153.042444","256919.629869","260762.807771","Mapping"
"Mixed","Both","done","38","m160ball.wav","None","719.608103216","120","250786.231733","257685.603893","258452.21698","259219.579814","259986.137249","260752.860093","261519.561913","262285.763179","251552.988276","252319.65856","253086.067901","253852.305651","254619.155565","255385.703725","256153.042444","256919.629869","261529.606053","Mapping"
"Mixed","Both","cave","21","m150cad.wav","None","721.496538958","120","265402.850524","257685.603893","258452.21698","259219.579814","259986.137249","260752.860093","261519.561913","262285.763179","251552.988276","252319.65856","253086.067901","253852.305651","254619.155565","255385.703725","256153.042444","256919.629869","262294.569696","Mapping"
"Mixed","Both","cave","21","m160cave.wav","None","722.740037425","120","265402.850524","257685.603893","258452.21698","259219.579814","259986.137249","260752.860093","261519.561913","262285.763179","266169.351071","252319.65856","253086.067901","253852.305651","254619.155565","255385.703725","256153.042444","256919.629869","265412.573433","Mapping"
"Mixed","Both","cave","21","m160romp.wav","space","660.455048666","120","265402.850524","257685.603893","258452.21698","259219.579814","259986.137249","260752.860093","261519.561913","262285.763179","266169.351071","266936.044543","253086.067901","253852.305651","254619.155565","255385.703725","256153.042444","256919.629869","266179.259485","Mapping"
"Mixed","Both","cave","21","m150cave.wav","None","722.097882652","120","265402.850524","257685.603893","258452.21698","259219.579814","259986.137249","260752.860093","261519.561913","262285.763179","266169.351071","266936.044543","267702.572916","253852.305651","254619.155565","255385.703725","256153.042444","256919.629869","266945.986966","Mapping"
"Mixed","Both","cave","21","m150cling.wav","space","655.085621111","120","265402.850524","257685.603893","258452.21698","259219.579814","259986.137249","260752.860093","261519.561913","262285.763179","266169.351071","266936.044543","267702.572916","268469.070063","254619.155565","255385.703725","256153.042444","256919.629869","267712.617366","Mapping"
"Mixed","Both","cave","21","m160lash.wav","None","722.731380549","120","265402.850524","257685.603893","258452.21698","259219.579814","259986.137249","260752.860093","261519.561913","262285.763179","266169.351071","266936.044543","267702.572916","268469.070063","269236.120631","255385.703725","256153.042444","256919.629869","268478.139378","Mapping"
"Mixed","Both","cave","21","m150park.wav","None","722.192180809","120","265402.850524","257685.603893","258452.21698","259219.579814","259986.137249","260752.860093","261519.561913","262285.763179","266169.351071","266936.044543","267702.572916","268469.070063","269236.120631","270002.095273","256153.042444","256919.629869","269245.651852","Mapping"
"Mixed","Both","cave","21","m160cave.wav","None","723.349419655","120","265402.850524","257685.603893","258452.21698","259219.579814","259986.137249","260752.860093","261519.561913","262285.763179","266169.351071","266936.044543","267702.572916","268469.070063","269236.120631","270002.095273","270768.911487","256919.629869","270011.363078","Mapping"
"Mixed","Both","cave","21","m160cad.wav","space","397.376286273","120","265402.850524","257685.603893","258452.21698","259219.579814","259986.137249","260752.860093","261519.561913","262285.763179","266169.351071","266936.044543","267702.572916","268469.070063","269236.120631","270002.095273","270768.911487","271535.855391","270778.253494","Mapping"
"Mixed","Both","cave","21","m150cave.wav","None","721.593310474","120","265402.850524","272301.98833","258452.21698","259219.579814","259986.137249","260752.860093","261519.561913","262285.763179","266169.351071","266936.044543","267702.572916","268469.070063","269236.120631","270002.095273","270768.911487","271535.855391","271545.661467","Mapping"
"Mixed","Both","cave","21","m150done.wav","space","672.259008803","120","265402.850524","272301.98833","273069.253774","259219.579814","259986.137249","260752.860093","261519.561913","262285.763179","266169.351071","266936.044543","267702.572916","268469.070063","269236.120631","270002.095273","270768.911487","271535.855391","272311.384132","Mapping"
"Mixed","Both","cave","21","m150reek.wav","None","720.822230156","120","265402.850524","272301.98833","273069.253774","273835.418868","259986.137249","260752.860093","261519.561913","262285.763179","266169.351071","266936.044543","267702.572916","268469.070063","269236.120631","270002.095273","270768.911487","271535.855391","273079.084585","Mapping"
"Mixed","Both","cave","21","m160reek.wav","None","722.41262201","120","265402.850524","272301.98833","273069.253774","273835.418868","274601.988361","260752.860093","261519.561913","262285.763179","266169.351071","266936.044543","267702.572916","268469.070063","269236.120631","270002.095273","270768.911487","271535.855391","273844.495293","Mapping"
"Mixed","Both","cave","21","m160cling.wav","None","722.691806208","120","265402.850524","272301.98833","273069.253774","273835.418868","274601.988361","275368.977403","261519.561913","262285.763179","266169.351071","266936.044543","267702.572916","268469.070063","269236.120631","270002.095273","270768.911487","271535.855391","274611.260185","Mapping"
"Mixed","Both","cave","21","m160tile.wav","None","722.741274105","120","265402.850524","272301.98833","273069.253774","273835.418868","274601.988361","275368.977403","276135.836902","262285.763179","266169.351071","266936.044543","267702.572916","268469.070063","269236.120631","270002.095273","270768.911487","271535.855391","275378.137306","Mapping"
"Mixed","Both","cave","21","m150gnash.wav","None","722.34707704","120","265402.850524","272301.98833","273069.253774","273835.418868","274601.988361","275368.977403","276135.836902","276901.991484","266169.351071","266936.044543","267702.572916","268469.070063","269236.120631","270002.095273","270768.911487","271535.855391","276145.562284","Mapping"
"Mixed","Both","ball","3","m150romp.wav","None","723.672197491","120","280035.79402","272301.98833","273069.253774","273835.418868","274601.988361","275368.977403","276135.836902","276901.991484","266169.351071","266936.044543","267702.572916","268469.070063","269236.120631","270002.095273","270768.911487","271535.855391","276911.294225","Mapping"
"Mixed","Both","ball","3","m160ball.wav","None","722.740037425","120","280035.79402","272301.98833","273069.253774","273835.418868","274601.988361","275368.977403","276135.836902","276901.991484","280802.409271","266936.044543","267702.572916","268469.070063","269236.120631","270002.095273","270768.911487","271535.855391","280045.390785","Mapping"
"Mixed","Both","ball","3","m150tile.wav","space","419.032389997","120","280035.79402","272301.98833","273069.253774","273835.418868","274601.988361","275368.977403","276135.836902","276901.991484","280802.409271","281569.33586","267702.572916","268469.070063","269236.120631","270002.095273","270768.911487","271535.855391","280812.483092","Mapping"
"Mixed","Both","ball","3","m150ball.wav","None","722.14271297","120","280035.79402","272301.98833","273069.253774","273835.418868","274601.988361","275368.977403","276135.836902","276901.991484","280802.409271","281569.33586","282335.939671","268469.070063","269236.120631","270002.095273","270768.911487","271535.855391","281579.306108","Mapping"
"Mixed","Both","ball","3","m160cling.wav","space","333.872533054","120","280035.79402","272301.98833","273069.253774","273835.418868","274601.988361","275368.977403","276135.836902","276901.991484","280802.409271","281569.33586","282335.939671","283102.302946","269236.120631","270002.095273","270768.911487","271535.855391","282345.584668","Mapping"
"Mixed","Both","ball","3","m160ball.wav","None","721.914233232","120","280035.79402","272301.98833","273069.253774","273835.418868","274601.988361","275368.977403","276135.836902","276901.991484","280802.409271","281569.33586","282335.939671","283102.302946","283869.328471","270002.095273","270768.911487","271535.855391","283112.601537","Mapping"
"Mixed","Both","ball","3","m150tile.wav","space","280.427142687","120","280035.79402","272301.98833","273069.253774","273835.418868","274601.988361","275368.977403","276135.836902","276901.991484","280802.409271","281569.33586","282335.939671","283102.302946","283869.328471","284635.694218","270768.911487","271535.855391","283879.052307","Mapping"
"Mixed","Both","ball","3","m160bluff.wav","None","721.582489379","120","280035.79402","272301.98833","273069.253774","273835.418868","274601.988361","275368.977403","276135.836902","276901.991484","280802.409271","281569.33586","282335.939671","283102.302946","283869.328471","284635.694218","285402.356773","271535.855391","284645.481435","Mapping"
"Mixed","Both","ball","3","m150park.wav","None","722.270711034","120","280035.79402","272301.98833","273069.253774","273835.418868","274601.988361","275368.977403","276135.836902","276901.991484","280802.409271","281569.33586","282335.939671","283102.302946","283869.328471","284635.694218","285402.356773","286168.661304","285412.396894","Mapping"
"Mixed","Both","ball","3","m160jaw.wav","None","723.671579151","120","280035.79402","286935.790402","273069.253774","273835.418868","274601.988361","275368.977403","276135.836902","276901.991484","280802.409271","281569.33586","282335.939671","283102.302946","283869.328471","284635.694218","285402.356773","286168.661304","286177.959407","Mapping"
"Mixed","Both","ball","3","m160cave.wav","None","723.24584634","120","280035.79402","286935.790402","287702.367006","273835.418868","274601.988361","275368.977403","276135.836902","276901.991484","280802.409271","281569.33586","282335.939671","283102.302946","283869.328471","284635.694218","285402.356773","286168.661304","286945.398607","Mapping"
"Mixed","Both","ball","3","m150ball.wav","None","723.412491148","120","280035.79402","286935.790402","287702.367006","288468.718532","274601.988361","275368.977403","276135.836902","276901.991484","280802.409271","281569.33586","282335.939671","283102.302946","283869.328471","284635.694218","285402.356773","286168.661304","287712.304173","Mapping"
"Mixed","Both","ball","3","m150jolt.wav","space","409.34070776","120","280035.79402","286935.790402","287702.367006","288468.718532","289235.581122","275368.977403","276135.836902","276901.991484","280802.409271","281569.33586","282335.939671","283102.302946","283869.328471","284635.694218","285402.356773","286168.661304","288478.051881","Mapping"
"Mixed","Both","ball","3","m160tile.wav","None","723.240590363","120","280035.79402","286935.790402","287702.367006","288468.718532","289235.581122","290002.359617","276135.836902","276901.991484","280802.409271","281569.33586","282335.939671","283102.302946","283869.328471","284635.694218","285402.356773","286168.661304","289245.333403","Mapping"
"Mixed","Both","ball","3","m150greet.wav","None","723.237807804","120","280035.79402","286935.790402","287702.367006","288468.718532","289235.581122","290002.359617","290768.359302","276901.991484","280802.409271","281569.33586","282335.939671","283102.302946","283869.328471","284635.694218","285402.356773","286168.661304","290012.387681","Mapping"
"Mixed","Both","ball","3","m160cave.wav","None","725.469426834","120","280035.79402","286935.790402","287702.367006","288468.718532","289235.581122","290002.359617","290768.359302","291534.992486","280802.409271","281569.33586","282335.939671","283102.302946","283869.328471","284635.694218","285402.356773","286168.661304","290777.294126","Mapping"
"Mixed","Both","done","41","m160jolt.wav","None","725.889903726","120","294668.997531","286935.790402","287702.367006","288468.718532","289235.581122","290002.359617","290768.359302","291534.992486","280802.409271","281569.33586","282335.939671","283102.302946","283869.328471","284635.694218","285402.356773","286168.661304","291543.814461","Mapping"
"Mixed","Both","done","41","m150bluff.wav","None","721.997091954","120","294668.997531","286935.790402","287702.367006","288468.718532","289235.581122","290002.359617","290768.359302","291534.992486","295435.486948","281569.33586","282335.939671","283102.302946","283869.328471","284635.694218","285402.356773","286168.661304","294678.774854","Mapping"
"Mixed","Both","done","41","m160park.wav","None","722.114887263","120","294668.997531","286935.790402","287702.367006","288468.718532","289235.581122","290002.359617","290768.359302","291534.992486","295435.486948","296201.778803","282335.939671","283102.302946","283869.328471","284635.694218","285402.356773","286168.661304","295445.624768","Mapping"
"Mixed","Both","done","41","m160done.wav","None","724.037332169","120","294668.997531","286935.790402","287702.367006","288468.718532","289235.581122","290002.359617","290768.359302","291534.992486","295435.486948","296201.778803","296968.205148","283102.302946","283869.328471","284635.694218","285402.356773","286168.661304","296211.029293","Mapping"
"Mixed","Both","done","41","m150priest.wav","space","534.312920761","120","294668.997531","286935.790402","287702.367006","288468.718532","289235.581122","290002.359617","290768.359302","291534.992486","295435.486948","296201.778803","296968.205148","297735.049188","283869.328471","284635.694218","285402.356773","286168.661304","296976.947975","Mapping"
"Mixed","Both","done","41","m150jaw.wav","None","723.175354593","120","294668.997531","286935.790402","287702.367006","288468.718532","289235.581122","290002.359617","290768.359302","291534.992486","295435.486948","296201.778803","296968.205148","297735.049188","298502.256817","284635.694218","285402.356773","286168.661304","297744.62864","Mapping"
"Mixed","Both","done","41","m160done.wav","None","722.707574139","120","294668.997531","286935.790402","287702.367006","288468.718532","289235.581122","290002.359617","290768.359302","291534.992486","295435.486948","296201.778803","296968.205148","297735.049188","298502.256817","299268.917207","285402.356773","286168.661304","298512.173269","Mapping"
"Mixed","Both","done","41","m160knife.wav","space","424.127270933","120","294668.997531","286935.790402","287702.367006","288468.718532","289235.581122","290002.359617","290768.359302","291534.992486","295435.486948","296201.778803","296968.205148","297735.049188","298502.256817","299268.917207","300035.597385","286168.661304","299279.122119","Mapping"
"Mixed","Both","done","41","m160cave.wav","None","722.293589904","120","294668.997531","286935.790402","287702.367006","288468.718532","289235.581122","290002.359617","290768.359302","291534.992486","295435.486948","296201.778803","296968.205148","297735.049188","298502.256817","299268.917207","300035.597385","300802.250355","300045.237126","Mapping"
"Mixed","Both","done","41","m160jolt.wav","None","723.180919769","120","294668.997531","301568.969489","287702.367006","288468.718532","289235.581122","290002.359617","290768.359302","291534.992486","295435.486948","296201.778803","296968.205148","297735.049188","298502.256817","299268.917207","300035.597385","300802.250355","300812.091368","Mapping"
"Mixed","Both","done","41","m150ball.wav","None","723.429186561","120","294668.997531","301568.969489","302334.748114","288468.718532","289235.581122","290002.359617","290768.359302","291534.992486","295435.486948","296201.778803","296968.205148","297735.049188","298502.256817","299268.917207","300035.597385","300802.250355","301578.866462","Mapping"
"Mixed","Both","done","41","m150cling.wav","None","725.736862456","120","294668.997531","301568.969489","302334.748114","303101.396138","289235.581122","290002.359617","290768.359302","291534.992486","295435.486948","296201.778803","296968.205148","297735.049188","298502.256817","299268.917207","300035.597385","300802.250355","302343.675209","Mapping"
"Mixed","Both","done","41","m150done.wav","None","726.264622819","120","294668.997531","301568.969489","302334.748114","303101.396138","303868.504212","290002.359617","290768.359302","291534.992486","295435.486948","296201.778803","296968.205148","297735.049188","298502.256817","299268.917207","300035.597385","300802.250355","303110.142675","Mapping"
"Mixed","Both","done","41","m150lash.wav","space","441.403922741","120","294668.997531","301568.969489","302334.748114","303101.396138","303868.504212","304634.980644","290768.359302","291534.992486","295435.486948","296201.778803","296968.205148","297735.049188","298502.256817","299268.917207","300035.597385","300802.250355","303877.769853","Mapping"
"Mixed","Both","done","41","m150done.wav","None","724.636202503","120","294668.997531","301568.969489","302334.748114","303101.396138","303868.504212","304634.980644","305401.532824","291534.992486","295435.486948","296201.778803","296968.205148","297735.049188","298502.256817","299268.917207","300035.597385","300802.250355","304644.410147","Mapping"
"Mixed","Both","done","41","m160park.wav","space","492.184231931","120","294668.997531","301568.969489","302334.748114","303101.396138","303868.504212","304634.980644","305401.532824","306168.656975","295435.486948","296201.778803","296968.205148","297735.049188","298502.256817","299268.917207","300035.597385","300802.250355","305410.97222","Mapping"
"Mixed","Both","ball","2","m150cling.wav","None","723.080438154","120","309301.975654","301568.969489","302334.748114","303101.396138","303868.504212","304634.980644","305401.532824","306168.656975","295435.486948","296201.778803","296968.205148","297735.049188","298502.256817","299268.917207","300035.597385","300802.250355","306178.615784","Mapping"
"Mixed","Both","ball","2","m150ball.wav","None","722.602764086","120","309301.975654","301568.969489","302334.748114","303101.396138","303868.504212","304634.980644","305401.532824","306168.656975","310068.263489","296201.778803","296968.205148","297735.049188","298502.256817","299268.917207","300035.597385","300802.250355","309312.071427","Mapping"
"Mixed","Both","ball","2","m150romp.wav","None","724.304767791","120","309301.975654","301568.969489","302334.748114","303101.396138","303868.504212","304634.980644","305401.532824","306168.656975","310068.263489","310834.912131","296968.205148","297735.049188","298502.256817","299268.917207","300035.597385","300802.250355","310077.590964","Mapping"
"Mixed","Both","ball","2","m150ball.wav","None","724.945376685","120","309301.975654","301568.969489","302334.748114","303101.396138","303868.504212","304634.980644","305401.532824","306168.656975","310068.263489","310834.912131","311601.879841","297735.049188","298502.256817","299268.917207","300035.597385","300802.250355","310844.14469","Mapping"
"Mixed","Both","ball","2","m160reek.wav","None","724.600338319","120","309301.975654","301568.969489","302334.748114","303101.396138","303868.504212","304634.980644","305401.532824","306168.656975","310068.263489","310834.912131","311601.879841","312368.897636","298502.256817","299268.917207","300035.597385","300802.250355","311611.559156","Mapping"
"Mixed","Both","ball","2","m160ball.wav","None","724.731737282","120","309301.975654","301568.969489","302334.748114","303101.396138","303868.504212","304634.980644","305401.532824","306168.656975","310068.263489","310834.912131","311601.879841","312368.897636","313134.952355","299268.917207","300035.597385","300802.250355","312378.501513","Mapping"
"Mixed","Both","ball","2","m150cave.wav","None","726.344389725","120","309301.975654","301568.969489","302334.748114","303101.396138","303868.504212","304634.980644","305401.532824","306168.656975","310068.263489","310834.912131","311601.879841","312368.897636","313134.952355","313901.624803","300035.597385","300802.250355","313144.259733","Mapping"
"Mixed","Both","ball","2","m150gnash.wav","None","726.741060149","120","309301.975654","301568.969489","302334.748114","303101.396138","303868.504212","304634.980644","305401.532824","306168.656975","310068.263489","310834.912131","311601.879841","312368.897636","313134.952355","313901.624803","314668.390313","300802.250355","313910.907757","Mapping"
"Mixed","Both","ball","2","m160done.wav","None","726.217937481","120","309301.975654","301568.969489","302334.748114","303101.396138","303868.504212","304634.980644","305401.532824","306168.656975","310068.263489","310834.912131","311601.879841","312368.897636","313134.952355","313901.624803","314668.390313","315434.877565","314678.394261","Mapping"
"Mixed","Both","ball","2","m160lash.wav","None","727.720214694","120","309301.975654","316201.641838","302334.748114","303101.396138","303868.504212","304634.980644","305401.532824","306168.656975","310068.263489","310834.912131","311601.879841","312368.897636","313134.952355","313901.624803","314668.390313","315434.877565","315444.175051","Mapping"
"Mixed","Both","ball","2","m160ball.wav","None","728.127706272","120","309301.975654","316201.641838","316967.920399","303101.396138","303868.504212","304634.980644","305401.532824","306168.656975","310068.263489","310834.912131","311601.879841","312368.897636","313134.952355","313901.624803","314668.390313","315434.877565","316210.865431","Mapping"
"Mixed","Both","ball","2","m160done.wav","space","342.196119658","120","309301.975654","316201.641838","316967.920399","317735.018271","303868.504212","304634.980644","305401.532824","306168.656975","310068.263489","310834.912131","311601.879841","312368.897636","313134.952355","313901.624803","314668.390313","315434.877565","316976.781021","Mapping"
"Mixed","Both","ball","2","m150cave.wav","None","727.557279868","120","309301.975654","316201.641838","316967.920399","317735.018271","318501.48048","304634.980644","305401.532824","306168.656975","310068.263489","310834.912131","311601.879841","312368.897636","313134.952355","313901.624803","314668.390313","315434.877565","317744.936887","Mapping"
"Mixed","Both","ball","2","m160cad.wav","None","728.621457354","120","309301.975654","316201.641838","316967.920399","317735.018271","318501.48048","319268.281545","305401.532824","306168.656975","310068.263489","310834.912131","311601.879841","312368.897636","313134.952355","313901.624803","314668.390313","315434.877565","318510.926988","Mapping"
"Mixed","Both","ball","2","m160romp.wav","None","729.088310385","120","309301.975654","316201.641838","316967.920399","317735.018271","318501.48048","319268.281545","320034.767871","306168.656975","310068.263489","310834.912131","311601.879841","312368.897636","313134.952355","313901.624803","314668.390313","315434.877565","319277.679203","Mapping"
"Mixed","Both","ball","2","m150knife.wav","None","730.051387858","120","309301.975654","316201.641838","316967.920399","317735.018271","318501.48048","319268.281545","320034.767871","320801.138874","310068.263489","310834.912131","311601.879841","312368.897636","313134.952355","313901.624803","314668.390313","315434.877565","320043.886962","Mapping"
"Mixed","Both","done","45","m160reek.wav","None","731.735150272","120","323935.138972","316201.641838","316967.920399","317735.018271","318501.48048","319268.281545","320034.767871","320801.138874","310068.263489","310834.912131","311601.879841","312368.897636","313134.952355","313901.624803","314668.390313","315434.877565","320809.780292","Mapping"
"Mixed","Both","done","45","m150greet.wav","None","722.434264142","120","323935.138972","316201.641838","316967.920399","317735.018271","318501.48048","319268.281545","320034.767871","320801.138874","324702.101117","310834.912131","311601.879841","312368.897636","313134.952355","313901.624803","314668.390313","315434.877565","323944.867755","Mapping"
"Mixed","Both","done","45","m150jolt.wav","None","722.535982437","120","323935.138972","316201.641838","316967.920399","317735.018271","318501.48048","319268.281545","320034.767871","320801.138874","324702.101117","325468.587442","311601.879841","312368.897636","313134.952355","313901.624803","314668.390313","315434.877565","324711.96068","Mapping"
"Mixed","Both","done","45","m150jaw.wav","None","723.565223219","120","323935.138972","316201.641838","316967.920399","317735.018271","318501.48048","319268.281545","320034.767871","320801.138874","324702.101117","325468.587442","326234.674314","312368.897636","313134.952355","313901.624803","314668.390313","315434.877565","325478.31808","Mapping"
"Mixed","Both","done","45","m150tile.wav","None","725.317622302","120","323935.138972","316201.641838","316967.920399","317735.018271","318501.48048","319268.281545","320034.767871","320801.138874","324702.101117","325468.587442","326234.674314","327001.743433","313134.952355","313901.624803","314668.390313","315434.877565","326243.760634","Mapping"
"Mixed","Both","done","45","m160done.wav","None","724.856643646","120","323935.138972","316201.641838","316967.920399","317735.018271","318501.48048","319268.281545","320034.767871","320801.138874","324702.101117","325468.587442","326234.674314","327001.743433","327767.744664","313901.624803","314668.390313","315434.877565","327011.638243","Mapping"
"Mixed","Both","done","45","m160bluff.wav","space","534.40969222","120","323935.138972","316201.641838","316967.920399","317735.018271","318501.48048","319268.281545","320034.767871","320801.138874","324702.101117","325468.587442","326234.674314","327001.743433","327767.744664","328534.613747","314668.390313","315434.877565","327776.395048","Mapping"
"Mixed","Both","done","45","m150done.wav","None","725.858058722","120","323935.138972","316201.641838","316967.920399","317735.018271","318501.48048","319268.281545","320034.767871","320801.138874","324702.101117","325468.587442","326234.674314","327001.743433","327767.744664","328534.613747","329301.032982","315434.877565","328543.807041","Mapping"
"Mixed","Both","done","45","m160greet.wav","space","457.027420343","120","323935.138972","316201.641838","316967.920399","317735.018271","318501.48048","319268.281545","320034.767871","320801.138874","324702.101117","325468.587442","326234.674314","327001.743433","327767.744664","328534.613747","329301.032982","330068.098699","329309.749838","Mapping"
"Mixed","Both","done","45","m160depth.wav","None","725.123151788","120","323935.138972","330834.266885","316967.920399","317735.018271","318501.48048","319268.281545","320034.767871","320801.138874","324702.101117","325468.587442","326234.674314","327001.743433","327767.744664","328534.613747","329301.032982","330068.098699","330077.640123","Mapping"
"Mixed","Both","done","45","m150ball.wav","None","726.876787608","120","323935.138972","330834.266885","331601.008897","317735.018271","318501.48048","319268.281545","320034.767871","320801.138874","324702.101117","325468.587442","326234.674314","327001.743433","327767.744664","328534.613747","329301.032982","330068.098699","330843.110502","Mapping"
"Mixed","Both","done","45","m150tile.wav","None","727.089499414","120","323935.138972","330834.266885","331601.008897","332367.792957","318501.48048","319268.281545","320034.767871","320801.138874","324702.101117","325468.587442","326234.674314","327001.743433","327767.744664","328534.613747","329301.032982","330068.098699","331610.208374","Mapping"
"Mixed","Both","done","45","m160done.wav","None","728.027842997","120","323935.138972","330834.266885","331601.008897","332367.792957","333134.218684","319268.281545","320034.767871","320801.138874","324702.101117","325468.587442","326234.674314","327001.743433","327767.744664","328534.613747","329301.032982","330068.098699","332376.629155","Mapping"
"Mixed","Both","done","45","m160ball.wav","space","415.66888435","120","323935.138972","330834.266885","331601.008897","332367.792957","333134.218684","333901.0383","320034.767871","320801.138874","324702.101117","325468.587442","326234.674314","327001.743433","327767.744664","328534.613747","329301.032982","330068.098699","333143.058592","Mapping"
"Mixed","Both","done","45","m150done.wav","None","727.497300133","120","323935.138972","330834.266885","331601.008897","332367.792957","333134.218684","333901.0383","334667.57502","320801.138874","324702.101117","325468.587442","326234.674314","327001.743433","327767.744664","328534.613747","329301.032982","330068.098699","333910.189855","Mapping"
"Mixed","Both","done","45","m160jolt.wav","space","658.174270939","120","323935.138972","330834.266885","331601.008897","332367.792957","333134.218684","333901.0383","334667.57502","335434.538711","324702.101117","325468.587442","326234.674314","327001.743433","327767.744664","328534.613747","329301.032982","330068.098699","334676.515719","Mapping"
"Mixed","Both","ball","1","m150bluff.wav","None","726.947588497","120","338568.387623","330834.266885","331601.008897","332367.792957","333134.218684","333901.0383","334667.57502","335434.538711","324702.101117","325468.587442","326234.674314","327001.743433","327767.744664","328534.613747","329301.032982","330068.098699","335443.744062","Mapping"
"Mixed","Both","ball","1","m160reek.wav","None","721.858581877","120","338568.387623","330834.266885","331601.008897","332367.792957","333134.218684","333901.0383","334667.57502","335434.538711","339334.91074","325468.587442","326234.674314","327001.743433","327767.744664","328534.613747","329301.032982","330068.098699","338578.171439","Mapping"
"Mixed","Both","ball","1","m150depth.wav","None","722.485896258","120","338568.387623","330834.266885","331601.008897","332367.792957","333134.218684","333901.0383","334667.57502","335434.538711","339334.91074","340101.810431","326234.674314","327001.743433","327767.744664","328534.613747","329301.032982","330068.098699","339344.742787","Mapping"
"Mixed","Both","ball","1","m150ball.wav","None","723.077037255","120","338568.387623","330834.266885","331601.008897","332367.792957","333134.218684","333901.0383","334667.57502","335434.538711","339334.91074","340101.810431","340867.956665","327001.743433","327767.744664","328534.613747","329301.032982","330068.098699","340111.530248","Mapping"
"Mixed","Both","ball","1","m150tile.wav","space","361.315140326","120","338568.387623","330834.266885","331601.008897","332367.792957","333134.218684","333901.0383","334667.57502","335434.538711","339334.91074","340101.810431","340867.956665","341635.185627","327767.744664","328534.613747","329301.032982","330068.098699","340877.275792","Mapping"
"Mixed","Both","ball","1","m150done.wav","None","723.00407209","120","338568.387623","330834.266885","331601.008897","332367.792957","333134.218684","333901.0383","334667.57502","335434.538711","339334.91074","340101.810431","340867.956665","341635.185627","342401.216538","328534.613747","329301.032982","330068.098699","341644.904516","Mapping"
"Mixed","Both","ball","1","m160ball.wav","None","724.619507091","120","338568.387623","330834.266885","331601.008897","332367.792957","333134.218684","333901.0383","334667.57502","335434.538711","339334.91074","340101.810431","340867.956665","341635.185627","342401.216538","343167.631754","329301.032982","330068.098699","342410.546487","Mapping"
"Mixed","Both","ball","1","m150cling.wav","space","382.104938035","120","338568.387623","330834.266885","331601.008897","332367.792957","333134.218684","333901.0383","334667.57502","335434.538711","339334.91074","340101.810431","340867.956665","341635.185627","342401.216538","343167.631754","343934.755287","330068.098699","343176.481555","Mapping"
"Mixed","Both","ball","1","m160ball.wav","None","723.845025816","120","338568.387623","330834.266885","331601.008897","332367.792957","333134.218684","333901.0383","334667.57502","335434.538711","339334.91074","340101.810431","340867.956665","341635.185627","342401.216538","343167.631754","343934.755287","344701.174522","343944.419144","Mapping"
"Mixed","Both","ball","1","m160cling.wav","space","383.817453694","120","338568.387623","345467.482454","331601.008897","332367.792957","333134.218684","333901.0383","334667.57502","335434.538711","339334.91074","340101.810431","340867.956665","341635.185627","342401.216538","343167.631754","343934.755287","344701.174522","344710.757993","Mapping"
"Mixed","Both","ball","1","m160tile.wav","None","725.581966224","120","338568.387623","345467.482454","346234.394821","332367.792957","333134.218684","333901.0383","334667.57502","335434.538711","339334.91074","340101.810431","340867.956665","341635.185627","342401.216538","343167.631754","343934.755287","344701.174522","345476.169938","Mapping"
"Mixed","Both","ball","1","m150tile.wav","None","725.164272008","120","338568.387623","345467.482454","346234.394821","347001.139307","333134.218684","333901.0383","334667.57502","335434.538711","339334.91074","340101.810431","340867.956665","341635.185627","342401.216538","343167.631754","343934.755287","344701.174522","346244.003954","Mapping"
"Mixed","Both","ball","1","m150ball.wav","None","726.292139268","120","338568.387623","345467.482454","346234.394821","347001.139307","347767.835871","333901.0383","334667.57502","335434.538711","339334.91074","340101.810431","340867.956665","341635.185627","342401.216538","343167.631754","343934.755287","344701.174522","347010.417932","Mapping"
"Mixed","Both","ball","1","m160dime.wav","space","317.164143373","120","338568.387623","345467.482454","346234.394821","347001.139307","347767.835871","348534.333017","334667.57502","335434.538711","339334.91074","340101.810431","340867.956665","341635.185627","342401.216538","343167.631754","343934.755287","344701.174522","347777.342357","Mapping"
"Mixed","Both","ball","1","m160park.wav","None","726.458784135","120","338568.387623","345467.482454","346234.394821","347001.139307","347767.835871","348534.333017","349300.695982","335434.538711","339334.91074","340101.810431","340867.956665","341635.185627","342401.216538","343167.631754","343934.755287","344701.174522","348543.344516","Mapping"
"Mixed","Both","ball","1","m160jolt.wav","None","727.52821754","120","338568.387623","345467.482454","346234.394821","347001.139307","347767.835871","348534.333017","349300.695982","350067.833119","339334.91074","340101.810431","340867.956665","341635.185627","342401.216538","343167.631754","343934.755287","344701.174522","349309.559077","Mapping"
"Mixed","Both","cave","19","m150lash.wav","None","727.030756359","120","353201.490343","345467.482454","346234.394821","347001.139307","347767.835871","348534.333017","349300.695982","350067.833119","339334.91074","340101.810431","340867.956665","341635.185627","342401.216538","343167.631754","343934.755287","344701.174522","350077.383818","Mapping"
"Mixed","Both","cave","19","m160tile.wav","None","475.641559577","120","353201.490343","345467.482454","346234.394821","347001.139307","347767.835871","348534.333017","349300.695982","350067.833119","353968.197728","340101.810431","340867.956665","341635.185627","342401.216538","343167.631754","343934.755287","344701.174522","353457.279088","Mapping"
"Mixed","Both","cave","19","m160park.wav","None","722.124162479","120","353201.490343","345467.482454","346234.394821","347001.139307","347767.835871","348534.333017","349300.695982","350067.833119","353968.197728","354734.648189","340867.956665","341635.185627","342401.216538","343167.631754","343934.755287","344701.174522","353978.228574","Mapping"
"Mixed","Both","cave","19","m160depth.wav","None","723.278309568","120","353201.490343","345467.482454","346234.394821","347001.139307","347767.835871","348534.333017","349300.695982","350067.833119","353968.197728","354734.648189","355501.015483","341635.185627","342401.216538","343167.631754","343934.755287","344701.174522","354744.405726","Mapping"
"Mixed","Both","cave","19","m150cave.wav","None","724.71133183","120","353201.490343","345467.482454","346234.394821","347001.139307","347767.835871","348534.333017","349300.695982","350067.833119","353968.197728","354734.648189","355501.015483","356267.934343","342401.216538","343167.631754","343934.755287","344701.174522","355510.494144","Mapping"
"Mixed","Both","cave","19","m160bluff.wav","space","521.070682502","120","353201.490343","345467.482454","346234.394821","347001.139307","347767.835871","348534.333017","349300.695982","350067.833119","353968.197728","354734.648189","355501.015483","356267.934343","357033.908057","343167.631754","343934.755287","344701.174522","356277.287479","Mapping"
"Mixed","Both","cave","19","m150cave.wav","None","725.173856306","120","353201.490343","345467.482454","346234.394821","347001.139307","347767.835871","348534.333017","349300.695982","350067.833119","353968.197728","354734.648189","355501.015483","356267.934343","357033.908057","357800.57123","343934.755287","344701.174522","357042.775172","Mapping"
"Mixed","Both","cave","19","m150ball.wav","space","429.109612422","120","353201.490343","345467.482454","346234.394821","347001.139307","347767.835871","348534.333017","349300.695982","350067.833119","353968.197728","354734.648189","355501.015483","356267.934343","357033.908057","357800.57123","358567.674358","344701.174522","357809.272628","Mapping"
"Mixed","Both","cave","19","m150jaw.wav","None","724.067322095","120","353201.490343","345467.482454","346234.394821","347001.139307","347767.835871","348534.333017","349300.695982","350067.833119","353968.197728","354734.648189","355501.015483","356267.934343","357033.908057","357800.57123","358567.674358","359333.851509","358577.555564","Mapping"
"Mixed","Both","cave","19","m160depth.wav","None","726.62697488","120","353201.490343","360101.012762","346234.394821","347001.139307","347767.835871","348534.333017","349300.695982","350067.833119","353968.197728","354734.648189","355501.015483","356267.934343","357033.908057","357800.57123","358567.674358","359333.851509","359342.54796","Mapping"
"Mixed","Both","cave","19","m150tile.wav","None","726.089939359","120","353201.490343","360101.012762","360867.630177","347001.139307","347767.835871","348534.333017","349300.695982","350067.833119","353968.197728","354734.648189","355501.015483","356267.934343","357033.908057","357800.57123","358567.674358","359333.851509","360110.324778","Mapping"
"Mixed","Both","cave","19","m160cave.wav","None","726.756518881","120","353201.490343","360101.012762","360867.630177","361634.071363","347767.835871","348534.333017","349300.695982","350067.833119","353968.197728","354734.648189","355501.015483","356267.934343","357033.908057","357800.57123","358567.674358","359333.851509","360877.092761","Mapping"
"Mixed","Both","cave","19","m150park.wav","space","431.044115161","120","353201.490343","360101.012762","360867.630177","361634.071363","362401.0063","348534.333017","349300.695982","350067.833119","353968.197728","354734.648189","355501.015483","356267.934343","357033.908057","357800.57123","358567.674358","359333.851509","361647.257332","Mapping"
"Mixed","Both","cave","19","m160cad.wav","None","726.625429059","120","353201.490343","360101.012762","360867.630177","361634.071363","362401.0063","363167.241267","349300.695982","350067.833119","353968.197728","354734.648189","355501.015483","356267.934343","357033.908057","357800.57123","358567.674358","359333.851509","362410.179806","Mapping"
"Mixed","Both","cave","19","m160cave.wav","None","728.420803323","120","353201.490343","360101.012762","360867.630177","361634.071363","362401.0063","363167.241267","363934.104476","350067.833119","353968.197728","354734.648189","355501.015483","356267.934343","357033.908057","357800.57123","358567.674358","359333.851509","363175.919167","Mapping"
"Mixed","Both","cave","19","m150romp.wav","space","606.720580487","120","353201.490343","360101.012762","360867.630177","361634.071363","362401.0063","363167.241267","363934.104476","364700.866275","353968.197728","354734.648189","355501.015483","356267.934343","357033.908057","357800.57123","358567.674358","359333.851509","363943.568606","Mapping"
"Mixed","Both","tile","36","m150greet.wav","None","727.732581669","120","367834.341396","360101.012762","360867.630177","361634.071363","362401.0063","363167.241267","363934.104476","364700.866275","353968.197728","354734.648189","355501.015483","356267.934343","357033.908057","357800.57123","358567.674358","359333.851509","364710.258058","Mapping"
"Mixed","Both","tile","36","m150priest.wav","None","722.788886924","120","367834.341396","360101.012762","360867.630177","361634.071363","362401.0063","363167.241267","363934.104476","364700.866275","368601.360737","354734.648189","355501.015483","356267.934343","357033.908057","357800.57123","358567.674358","359333.851509","367844.111608","Mapping"
"Mixed","Both","tile","36","m160tile.wav","None","723.183393187","120","367834.341396","360101.012762","360867.630177","361634.071363","362401.0063","363167.241267","363934.104476","364700.866275","368601.360737","369367.304462","355501.015483","356267.934343","357033.908057","357800.57123","358567.674358","359333.851509","368611.32171","Mapping"
"Mixed","Both","tile","36","m160lash.wav","space","532.060277823","120","367834.341396","360101.012762","360867.630177","361634.071363","362401.0063","363167.241267","363934.104476","364700.866275","368601.360737","369367.304462","370133.767909","356267.934343","357033.908057","357800.57123","358567.674358","359333.851509","369378.110717","Mapping"
"Mixed","Both","tile","36","m150park.wav","None","725.144484837","120","367834.341396","360101.012762","360867.630177","361634.071363","362401.0063","363167.241267","363934.104476","364700.866275","368601.360737","369367.304462","370133.767909","370901.118376","357033.908057","357800.57123","358567.674358","359333.851509","370142.600087","Mapping"
"Mixed","Both","tile","36","m150jaw.wav","None","724.731119","120","367834.341396","360101.012762","360867.630177","361634.071363","362401.0063","363167.241267","363934.104476","364700.866275","368601.360737","369367.304462","370133.767909","370901.118376","371667.089926","357800.57123","358567.674358","359333.851509","370910.651761","Mapping"
"Mixed","Both","tile","36","m160knife.wav","None","727.116706781","120","367834.341396","360101.012762","360867.630177","361634.071363","362401.0063","363167.241267","363934.104476","364700.866275","368601.360737","369367.304462","370133.767909","370901.118376","371667.089926","372433.758973","358567.674358","359333.851509","371675.940345","Mapping"
"Mixed","Both","tile","36","m150tile.wav","None","727.590052411","120","367834.341396","360101.012762","360867.630177","361634.071363","362401.0063","363167.241267","363934.104476","364700.866275","368601.360737","369367.304462","370133.767909","370901.118376","371667.089926","372433.758973","373200.737195","359333.851509","372442.998025","Mapping"
"Mixed","Both","tile","36","m160park.wav","space","372.141182539","120","367834.341396","360101.012762","360867.630177","361634.071363","362401.0063","363167.241267","363934.104476","364700.866275","368601.360737","369367.304462","370133.767909","370901.118376","371667.089926","372433.758973","373200.737195","373967.465913","373210.04581","Mapping"
"Mixed","Both","tile","36","m150dime.wav","None","727.252743382","120","367834.341396","374733.630388","360867.630177","361634.071363","362401.0063","363167.241267","363934.104476","364700.866275","368601.360737","369367.304462","370133.767909","370901.118376","371667.089926","372433.758973","373200.737195","373967.465913","373977.045983","Mapping"
"Mixed","Both","tile","36","m160romp.wav","None","729.285872658","120","367834.341396","374733.630388","375500.36127","361634.071363","362401.0063","363167.241267","363934.104476","364700.866275","368601.360737","369367.304462","370133.767909","370901.118376","371667.089926","372433.758973","373200.737195","373967.465913","374742.863256","Mapping"
"Mixed","Both","tile","36","m150tile.wav","space","32.6438440825","120","367834.341396","374733.630388","375500.36127","376267.153059","362401.0063","363167.241267","363934.104476","364700.866275","368601.360737","369367.304462","370133.767909","370901.118376","371667.089926","372433.758973","373200.737195","373967.465913","375509.472323","Mapping"
"Mixed","Both","tile","36","m160ball.wav","space","681.931522267","120","367834.341396","374733.630388","375500.36127","376267.153059","377033.895381","363167.241267","363934.104476","364700.866275","368601.360737","369367.304462","370133.767909","370901.118376","371667.089926","372433.758973","373200.737195","373967.465913","376276.167959","Mapping"
"Mixed","Both","tile","36","m160romp.wav","None","728.340108879","120","367834.341396","374733.630388","375500.36127","376267.153059","377033.895381","377800.266384","363934.104476","364700.866275","368601.360737","369367.304462","370133.767909","370901.118376","371667.089926","372433.758973","373200.737195","373967.465913","377043.104442","Mapping"
"Mixed","Both","tile","36","m160tile.wav","None","730.285123456","120","367834.341396","374733.630388","375500.36127","376267.153059","377033.895381","377800.266384","378567.540176","364700.866275","368601.360737","369367.304462","370133.767909","370901.118376","371667.089926","372433.758973","373200.737195","373967.465913","377809.286231","Mapping"
"Mixed","Both","tile","36","m150bluff.wav","space","541.089399834","120","367834.341396","374733.630388","375500.36127","376267.153059","377033.895381","377800.266384","378567.540176","379333.576035","368601.360737","369367.304462","370133.767909","370901.118376","371667.089926","372433.758973","373200.737195","373967.465913","378576.96937","Mapping"
"Mixed","Both","tile","32","m150priest.wav","None","730.983547925","120","382467.805541","374733.630388","375500.36127","376267.153059","377033.895381","377800.266384","378567.540176","379333.576035","368601.360737","369367.304462","370133.767909","370901.118376","371667.089926","372433.758973","373200.737195","373967.465913","379342.588153","Mapping"
"Mixed","Both","tile","32","m160tile.wav","None","721.814679157","120","382467.805541","374733.630388","375500.36127","376267.153059","377033.895381","377800.266384","378567.540176","379333.576035","383234.279808","369367.304462","370133.767909","370901.118376","371667.089926","372433.758973","373200.737195","373967.465913","382477.667578","Mapping"
"Mixed","Both","tile","32","m160greet.wav","None","723.130524391","120","382467.805541","374733.630388","375500.36127","376267.153059","377033.895381","377800.266384","378567.540176","379333.576035","383234.279808","384000.215185","370133.767909","370901.118376","371667.089926","372433.758973","373200.737195","373967.465913","383244.047238","Mapping"
"Mixed","Both","tile","32","m160jolt.wav","None","725.532498385","120","382467.805541","374733.630388","375500.36127","376267.153059","377033.895381","377800.266384","378567.540176","379333.576035","383234.279808","384000.215185","384767.556996","370901.118376","371667.089926","372433.758973","373200.737195","373967.465913","384009.544825","Mapping"
"Mixed","Both","tile","32","m150tile.wav","None","725.738099194","120","382467.805541","374733.630388","375500.36127","376267.153059","377033.895381","377800.266384","378567.540176","379333.576035","383234.279808","384000.215185","384767.556996","385533.552043","371667.089926","372433.758973","373200.737195","373967.465913","384777.119443","Mapping"
"Mixed","Both","tile","32","m160reek.wav","space","519.502860378","120","382467.805541","374733.630388","375500.36127","376267.153059","377033.895381","377800.266384","378567.540176","379333.576035","383234.279808","384000.215185","384767.556996","385533.552043","386300.518207","372433.758973","373200.737195","373967.465913","385542.462133","Mapping"
"Mixed","Both","tile","32","m160tile.wav","None","726.516908908","120","382467.805541","374733.630388","375500.36127","376267.153059","377033.895381","377800.266384","378567.540176","379333.576035","383234.279808","384000.215185","384767.556996","385533.552043","386300.518207","387067.306595","373200.737195","373967.465913","386309.819711","Mapping"
"Mixed","Both","tile","32","m150reek.wav","None","727.068166423","120","382467.805541","374733.630388","375500.36127","376267.153059","377033.895381","377800.266384","378567.540176","379333.576035","383234.279808","384000.215185","384767.556996","385533.552043","386300.518207","387067.306595","387833.506316","373967.465913","387077.136478","Mapping"
"Mixed","Both","tile","32","m150tile.wav","space","11.1887035309","120","382467.805541","374733.630388","375500.36127","376267.153059","377033.895381","377800.266384","378567.540176","379333.576035","383234.279808","384000.215185","384767.556996","385533.552043","386300.518207","387067.306595","387833.506316","388600.120949","387842.746295","Mapping"
"Mixed","Both","tile","32","m150depth.wav","space","580.551461549","120","382467.805541","389367.159459","375500.36127","376267.153059","377033.895381","377800.266384","378567.540176","379333.576035","383234.279808","384000.215185","384767.556996","385533.552043","386300.518207","387067.306595","387833.506316","388600.120949","388609.34145","Mapping"
"Mixed","Both","tile","32","m150bluff.wav","None","726.895647182","120","382467.805541","389367.159459","390133.413595","376267.153059","377033.895381","377800.266384","378567.540176","379333.576035","383234.279808","384000.215185","384767.556996","385533.552043","386300.518207","387067.306595","387833.506316","388600.120949","389376.4588","Mapping"
"Mixed","Both","tile","32","m150cad.wav","None","728.490985872","120","382467.805541","389367.159459","390133.413595","390899.973813","377033.895381","377800.266384","378567.540176","379333.576035","383234.279808","384000.215185","384767.556996","385533.552043","386300.518207","387067.306595","387833.506316","388600.120949","390142.680781","Mapping"
"Mixed","Both","tile","32","m160jaw.wav","None","732.344841701","120","382467.805541","389367.159459","390133.413595","390899.973813","391667.17464","377800.266384","378567.540176","379333.576035","383234.279808","384000.215185","384767.556996","385533.552043","386300.518207","387067.306595","387833.506316","388600.120949","390908.700872","Mapping"
"Mixed","Both","tile","32","m160dime.wav","None","732.604238845","120","382467.805541","389367.159459","390133.413595","390899.973813","391667.17464","392433.353028","378567.540176","379333.576035","383234.279808","384000.215185","384767.556996","385533.552043","386300.518207","387067.306595","387833.506316","388600.120949","391676.469652","Mapping"
"Mixed","Both","tile","32","m160cave.wav","None","734.297894873","120","382467.805541","389367.159459","390133.413595","390899.973813","391667.17464","392433.353028","393199.96766","379333.576035","383234.279808","384000.215185","384767.556996","385533.552043","386300.518207","387067.306595","387833.506316","388600.120949","392442.553741","Mapping"
"Mixed","Both","tile","32","m150cad.wav","None","735.695362033","120","382467.805541","389367.159459","390133.413595","390899.973813","391667.17464","392433.353028","393199.96766","393984.004257","383234.279808","384000.215185","384767.556996","385533.552043","386300.518207","387067.306595","387833.506316","388600.120949","393209.19991","Mapping"
"Mixed","Both","tile","33","m160priest.wav","None","719.004904444","120","397117.433929","389367.159459","390133.413595","390899.973813","391667.17464","392433.353028","393199.96766","393984.004257","383234.279808","384000.215185","384767.556996","385533.552043","386300.518207","387067.306595","387833.506316","388600.120949","393993.820845","Mapping"
"Mixed","Both","tile","33","m160tile.wav","None","727.873565105","120","397117.433929","389367.159459","390133.413595","390899.973813","391667.17464","392433.353028","393199.96766","393984.004257","397883.911288","384000.215185","384767.556996","385533.552043","386300.518207","387067.306595","387833.506316","388600.120949","397121.534196","Mapping"
"Mixed","Both","tile","33","m160dime.wav","space","416.072356631","120","397117.433929","389367.159459","390133.413595","390899.973813","391667.17464","392433.353028","393199.96766","393984.004257","397883.911288","398650.12925","384767.556996","385533.552043","386300.518207","387067.306595","387833.506316","388600.120949","397893.708708","Mapping"
"Mixed","Both","tile","33","m160jolt.wav","None","723.751655198","120","397117.433929","389367.159459","390133.413595","390899.973813","391667.17464","392433.353028","393199.96766","393984.004257","397883.911288","398650.12925","399416.689777","385533.552043","386300.518207","387067.306595","387833.506316","388600.120949","398659.364901","Mapping"
"Mixed","Both","tile","33","m150tile.wav","None","725.214667327","120","397117.433929","389367.159459","390133.413595","390899.973813","391667.17464","392433.353028","393199.96766","393984.004257","397883.911288","398650.12925","399416.689777","400183.267618","386300.518207","387067.306595","387833.506316","388600.120949","399425.731576","Mapping"
"Mixed","Both","tile","33","m150dime.wav","space","661.351344548","120","397117.433929","389367.159459","390133.413595","390899.973813","391667.17464","392433.353028","393199.96766","393984.004257","397883.911288","398650.12925","399416.689777","400183.267618","400950.507092","387067.306595","387833.506316","388600.120949","400192.378981","Mapping"
"Mixed","Both","tile","33","m160cad.wav","None","724.951250944","120","397117.433929","389367.159459","390133.413595","390899.973813","391667.17464","392433.353028","393199.96766","393984.004257","397883.911288","398650.12925","399416.689777","400183.267618","400950.507092","401716.617152","387833.506316","388600.120949","400959.57517","Mapping"
"Mixed","Both","tile","33","m150cad.wav","None","726.549372193","120","397117.433929","389367.159459","390133.413595","390899.973813","391667.17464","392433.353028","393199.96766","393984.004257","397883.911288","398650.12925","399416.689777","400183.267618","400950.507092","401716.617152","402483.516844","388600.120949","401725.575783","Mapping"
"Mixed","Both","tile","33","m150greet.wav","None","726.703650085","120","397117.433929","389367.159459","390133.413595","390899.973813","391667.17464","392433.353028","393199.96766","393984.004257","397883.911288","398650.12925","399416.689777","400183.267618","400950.507092","401716.617152","402483.516844","403250.291629","402493.183483","Mapping"
"Mixed","Both","tile","33","m150done.wav","None","728.468416142","120","397117.433929","404016.653666","390133.413595","390899.973813","391667.17464","392433.353028","393199.96766","393984.004257","397883.911288","398650.12925","399416.689777","400183.267618","400950.507092","401716.617152","402483.516844","403250.291629","403259.543356","Mapping"
"Mixed","Both","tile","33","m150tile.wav","None","729.821053101","120","397117.433929","404016.653666","404783.508836","390899.973813","391667.17464","392433.353028","393199.96766","393984.004257","397883.911288","398650.12925","399416.689777","400183.267618","400950.507092","401716.617152","402483.516844","403250.291629","404026.092753","Mapping"
"Mixed","Both","tile","33","m160reek.wav","space","652.682101296","120","397117.433929","404016.653666","404783.508836","405549.91323","391667.17464","392433.353028","393199.96766","393984.004257","397883.911288","398650.12925","399416.689777","400183.267618","400950.507092","401716.617152","402483.516844","403250.291629","404792.980386","Mapping"
"Mixed","Both","tile","33","m160tile.wav","None","730.512675713","120","397117.433929","404016.653666","404783.508836","405549.91323","406316.994716","392433.353028","393199.96766","393984.004257","397883.911288","398650.12925","399416.689777","400183.267618","400950.507092","401716.617152","402483.516844","403250.291629","405558.966159","Mapping"
"Mixed","Both","tile","33","m150ball.wav","space","639.09544301","120","397117.433929","404016.653666","404783.508836","405549.91323","406316.994716","407083.483206","393199.96766","393984.004257","397883.911288","398650.12925","399416.689777","400183.267618","400950.507092","401716.617152","402483.516844","403250.291629","406326.557473","Mapping"
"Mixed","Both","tile","33","m150cad.wav","None","730.119715328","120","397117.433929","404016.653666","404783.508836","405549.91323","406316.994716","407083.483206","407850.189663","393984.004257","397883.911288","398650.12925","399416.689777","400183.267618","400950.507092","401716.617152","402483.516844","403250.291629","407093.153246","Mapping"
"Mixed","Both","tile","33","m160cave.wav","None","731.900249317","120","397117.433929","404016.653666","404783.508836","405549.91323","406316.994716","407083.483206","407850.189663","408616.800585","397883.911288","398650.12925","399416.689777","400183.267618","400950.507092","401716.617152","402483.516844","403250.291629","407859.847645","Mapping"
"Mixed","Both","tile","30","m150lash.wav","None","733.311938471","120","411750.581479","404016.653666","404783.508836","405549.91323","406316.994716","407083.483206","407850.189663","408616.800585","397883.911288","398650.12925","399416.689777","400183.267618","400950.507092","401716.617152","402483.516844","403250.291629","408626.080139","Mapping"
"Mixed","Both","tile","30","m160bluff.wav","None","721.587126958","120","411750.581479","404016.653666","404783.508836","405549.91323","406316.994716","407083.483206","407850.189663","408616.800585","412516.68412","398650.12925","399416.689777","400183.267618","400950.507092","401716.617152","402483.516844","403250.291629","411760.47598","Mapping"
"Mixed","Both","tile","30","m150tile.wav","None","729.342142295","120","411750.581479","404016.653666","404783.508836","405549.91323","406316.994716","407083.483206","407850.189663","408616.800585","412516.68412","413283.534652","399416.689777","400183.267618","400950.507092","401716.617152","402483.516844","403250.291629","412520.393591","Mapping"
"Mixed","Both","tile","30","m160park.wav","space","719.972619554","120","411750.581479","404016.653666","404783.508836","405549.91323","406316.994716","407083.483206","407850.189663","408616.800585","412516.68412","413283.534652","414049.961307","400183.267618","400950.507092","401716.617152","402483.516844","403250.291629","413293.567972","Mapping"
"Mixed","Both","tile","30","m150tile.wav","None","724.184808205","120","411750.581479","404016.653666","404783.508836","405549.91323","406316.994716","407083.483206","407850.189663","408616.800585","412516.68412","413283.534652","414049.961307","414816.851723","400950.507092","401716.617152","402483.516844","403250.291629","414059.184281","Mapping"
"Mixed","Both","tile","30","m160bluff.wav","space","611.338096438","120","411750.581479","404016.653666","404783.508836","405549.91323","406316.994716","407083.483206","407850.189663","408616.800585","412516.68412","413283.534652","414049.961307","414816.851723","415583.29229","401716.617152","402483.516844","403250.291629","414826.139315","Mapping"
"Mixed","Both","tile","30","m160tile.wav","None","724.545923644","120","411750.581479","404016.653666","404783.508836","405549.91323","406316.994716","407083.483206","407850.189663","408616.800585","412516.68412","413283.534652","414049.961307","414816.851723","415583.29229","416349.766249","402483.516844","403250.291629","415592.248447","Mapping"
"Mixed","Both","tile","30","m150done.wav","space","494.664736209","120","411750.581479","404016.653666","404783.508836","405549.91323","406316.994716","407083.483206","407850.189663","408616.800585","412516.68412","413283.534652","414049.961307","414816.851723","415583.29229","416349.766249","417116.473015","403250.291629","416358.803409","Mapping"
"Mixed","Both","tile","30","m160tile.wav","None","725.09378026","120","411750.581479","404016.653666","404783.508836","405549.91323","406316.994716","407083.483206","407850.189663","408616.800585","412516.68412","413283.534652","414049.961307","414816.851723","415583.29229","416349.766249","417116.473015","417883.384764","417125.494099","Mapping"
"Mixed","Both","tile","30","m150greet.wav","space","688.792405941","120","411750.581479","418650.603523","404783.508836","405549.91323","406316.994716","407083.483206","407850.189663","408616.800585","412516.68412","413283.534652","414049.961307","414816.851723","415583.29229","416349.766249","417116.473015","417883.384764","417892.680704","Mapping"
"Mixed","Both","tile","30","m160cling.wav","None","723.466596683","120","411750.581479","418650.603523","419416.826432","405549.91323","406316.994716","407083.483206","407850.189663","408616.800585","412516.68412","413283.534652","414049.961307","414816.851723","415583.29229","416349.766249","417116.473015","417883.384764","418660.53698","Mapping"
"Mixed","Both","tile","30","m150bluff.wav","None","725.376674614","120","411750.581479","418650.603523","419416.826432","420183.015951","406316.994716","407083.483206","407850.189663","408616.800585","412516.68412","413283.534652","414049.961307","414816.851723","415583.29229","416349.766249","417116.473015","417883.384764","419426.451951","Mapping"
"Mixed","Both","tile","30","m150cave.wav","None","727.733200067","120","411750.581479","418650.603523","419416.826432","420183.015951","420950.023544","407083.483206","407850.189663","408616.800585","412516.68412","413283.534652","414049.961307","414816.851723","415583.29229","416349.766249","417116.473015","417883.384764","420191.999006","Mapping"
"Mixed","Both","tile","30","m160priest.wav","None","728.182120889","120","411750.581479","418650.603523","419416.826432","420183.015951","420950.023544","421716.752262","407850.189663","408616.800585","412516.68412","413283.534652","414049.961307","414816.851723","415583.29229","416349.766249","417116.473015","417883.384764","420959.380699","Mapping"
"Mixed","Both","tile","30","m150knife.wav","None","729.193429579","120","411750.581479","418650.603523","419416.826432","420183.015951","420950.023544","421716.752262","422482.973316","408616.800585","412516.68412","413283.534652","414049.961307","414816.851723","415583.29229","416349.766249","417116.473015","417883.384764","421726.215155","Mapping"
"Mixed","Both","tile","30","m160gnash.wav","None","734.132486687","120","411750.581479","418650.603523","419416.826432","420183.015951","420950.023544","421716.752262","422482.973316","423249.937624","412516.68412","413283.534652","414049.961307","414816.851723","415583.29229","416349.766249","417116.473015","417883.384764","422491.759117","Mapping"
"Mixed","Both","ball","6","m160jolt.wav","None","734.142380301","120","426383.741397","418650.603523","419416.826432","420183.015951","420950.023544","421716.752262","422482.973316","423249.937624","412516.68412","413283.534652","414049.961307","414816.851723","415583.29229","416349.766249","417116.473015","417883.384764","423259.726387","Mapping"
"Mixed","Both","ball","6","m150ball.wav","None","722.804345598","120","426383.741397","418650.603523","419416.826432","420183.015951","420950.023544","421716.752262","422482.973316","423249.937624","427149.579075","413283.534652","414049.961307","414816.851723","415583.29229","416349.766249","417116.473015","417883.384764","426393.133489","Mapping"
"Mixed","Both","ball","6","m150cave.wav","space","375.054221426","120","426383.741397","418650.603523","419416.826432","420183.015951","420950.023544","421716.752262","422482.973316","423249.937624","427149.579075","427917.151838","414049.961307","414816.851723","415583.29229","416349.766249","417116.473015","417883.384764","427158.298404","Mapping"
"Mixed","Both","ball","6","m150reek.wav","None","722.069438663","120","426383.741397","418650.603523","419416.826432","420183.015951","420950.023544","421716.752262","422482.973316","423249.937624","427149.579075","427917.151838","428683.631362","414816.851723","415583.29229","416349.766249","417116.473015","417883.384764","427927.16197","Mapping"
"Mixed","Both","ball","6","m160knife.wav","None","723.403834272","120","426383.741397","418650.603523","419416.826432","420183.015951","420950.023544","421716.752262","422482.973316","423249.937624","427149.579075","427917.151838","428683.631362","429449.546024","415583.29229","416349.766249","417116.473015","417883.384764","428693.530809","Mapping"
"Mixed","Both","ball","6","m160reek.wav","None","726.566067606","120","426383.741397","418650.603523","419416.826432","420183.015951","420950.023544","421716.752262","422482.973316","423249.937624","427149.579075","427917.151838","428683.631362","429449.546024","430216.586699","416349.766249","417116.473015","417883.384764","429458.298744","Mapping"
"Mixed","Both","ball","6","m160ball.wav","None","726.706123445","120","426383.741397","418650.603523","419416.826432","420183.015951","420950.023544","421716.752262","422482.973316","423249.937624","427149.579075","427917.151838","428683.631362","429449.546024","430216.586699","430983.138569","417116.473015","417883.384764","430225.909227","Mapping"
"Mixed","Both","ball","6","m160knife.wav","space","509.010107839","120","426383.741397","418650.603523","419416.826432","420183.015951","420950.023544","421716.752262","422482.973316","423249.937624","427149.579075","427917.151838","428683.631362","429449.546024","430216.586699","430983.138569","431749.902533","417883.384764","430992.280231","Mapping"
"Mixed","Both","ball","6","m150cad.wav","None","726.756209682","120","426383.741397","418650.603523","419416.826432","420183.015951","420950.023544","421716.752262","422482.973316","423249.937624","427149.579075","427917.151838","428683.631362","429449.546024","430216.586699","430983.138569","431749.902533","432516.535407","431759.428189","Mapping"
"Mixed","Both","ball","6","m150greet.wav","None","728.389885917","120","426383.741397","433282.761098","419416.826432","420183.015951","420950.023544","421716.752262","422482.973316","423249.937624","427149.579075","427917.151838","428683.631362","429449.546024","430216.586699","430983.138569","431749.902533","432516.535407","432525.83382","Mapping"
"Mixed","Both","ball","6","m150lash.wav","None","730.49752618","120","426383.741397","433282.761098","434050.131971","420183.015951","420950.023544","421716.752262","422482.973316","423249.937624","427149.579075","427917.151838","428683.631362","429449.546024","430216.586699","430983.138569","431749.902533","432516.535407","433291.835051","Mapping"
"Mixed","Both","ball","6","m160cling.wav","None","730.469391274","120","426383.741397","433282.761098","434050.131971","434816.50854","420950.023544","421716.752262","422482.973316","423249.937624","427149.579075","427917.151838","428683.631362","429449.546024","430216.586699","430983.138569","431749.902533","432516.535407","434059.751616","Mapping"
"Mixed","Both","ball","6","m160ball.wav","None","724.244787998","120","426383.741397","433282.761098","434050.131971","434816.50854","435583.028256","421716.752262","422482.973316","423249.937624","427149.579075","427917.151838","428683.631362","429449.546024","430216.586699","430983.138569","431749.902533","432516.535407","434833.861867","Mapping"
"Mixed","Both","ball","6","m160cling.wav","space","356.459560164","120","426383.741397","433282.761098","434050.131971","434816.50854","435583.028256","436349.507779","422482.973316","423249.937624","427149.579075","427917.151838","428683.631362","429449.546024","430216.586699","430983.138569","431749.902533","432516.535407","435592.763841","Mapping"
"Mixed","Both","ball","6","m150ball.wav","None","732.885278121","120","426383.741397","433282.761098","434050.131971","434816.50854","435583.028256","436349.507779","437115.993486","423249.937624","427149.579075","427917.151838","428683.631362","429449.546024","430216.586699","430983.138569","431749.902533","432516.535407","436358.738174","Mapping"
"Mixed","Both","ball","6","m150dime.wav","space","480.169105867","120","426383.741397","433282.761098","434050.131971","434816.50854","435583.028256","436349.507779","437115.993486","437883.032924","427149.579075","427917.151838","428683.631362","429449.546024","430216.586699","430983.138569","431749.902533","432516.535407","437125.045178","Mapping"
"Mixed","Both","done","47","m160bluff.wav","None","733.713864873","120","472232.658499","433282.761098","434050.131971","434816.50854","435583.028256","436349.507779","437115.993486","437883.032924","427149.579075","427917.151838","428683.631362","429449.546024","430216.586699","430983.138569","431749.902533","432516.535407","437892.226527","Mapping"
"Mixed","Both","done","47","m160done.wav","None","723.111355561","120","472232.658499","433282.761098","434050.131971","434816.50854","435583.028256","436349.507779","437115.993486","437883.032924","472998.874297","427917.151838","428683.631362","429449.546024","430216.586699","430983.138569","431749.902533","432516.535407","472242.159112","Mapping"
"Mixed","Both","done","47","m160gnash.wav","space","404.573551437","120","472232.658499","433282.761098","434050.131971","434816.50854","435583.028256","436349.507779","437115.993486","437883.032924","472998.874297","473766.878667","428683.631362","429449.546024","430216.586699","430983.138569","431749.902533","432516.535407","473008.07903","Mapping"
"Mixed","Both","done","47","m160tile.wav","None","721.800766303","120","472232.658499","433282.761098","434050.131971","434816.50854","435583.028256","436349.507779","437115.993486","437883.032924","472998.874297","473766.878667","474532.285975","429449.546024","430216.586699","430983.138569","431749.902533","432516.535407","473777.017725","Mapping"
"Mixed","Both","done","47","m150done.wav","None","725.077393989","120","472232.658499","433282.761098","434050.131971","434816.50854","435583.028256","436349.507779","437115.993486","437883.032924","472998.874297","473766.878667","474532.285975","475298.871545","430216.586699","430983.138569","431749.902533","432516.535407","474541.708676","Mapping"
"Mixed","Both","done","47","m150romp.wav","space","464.614244935","120","472232.658499","433282.761098","434050.131971","434816.50854","435583.028256","436349.507779","437115.993486","437883.032924","472998.874297","473766.878667","474532.285975","475298.871545","476065.970963","430983.138569","431749.902533","432516.535407","475308.005477","Mapping"
"Mixed","Both","done","47","m160done.wav","None","724.366293463","120","472232.658499","433282.761098","434050.131971","434816.50854","435583.028256","436349.507779","437115.993486","437883.032924","472998.874297","473766.878667","474532.285975","475298.871545","476065.970963","476832.439047","431749.902533","432516.535407","476076.024688","Mapping"
"Mixed","Both","done","47","m150park.wav","space","498.215910513","120","472232.658499","433282.761098","434050.131971","434816.50854","435583.028256","436349.507779","437115.993486","437883.032924","472998.874297","473766.878667","474532.285975","475298.871545","476065.970963","476832.439047","477599.223416","432516.535407","476842.356117","Mapping"
"Mixed","Both","done","47","m150tile.wav","None","725.225179282","120","472232.658499","433282.761098","434050.131971","434816.50854","435583.028256","436349.507779","437115.993486","437883.032924","472998.874297","473766.878667","474532.285975","475298.871545","476065.970963","476832.439047","477599.223416","478365.581744","477609.115753","Mapping"
"Mixed","Both","done","47","m150done.wav","None","727.921487123","120","472232.658499","479132.441551","434050.131971","434816.50854","435583.028256","436349.507779","437115.993486","437883.032924","472998.874297","473766.878667","474532.285975","475298.871545","476065.970963","476832.439047","477599.223416","478365.581744","478374.461535","Mapping"
"Mixed","Both","done","47","m150lash.wav","space","494.597336219","120","472232.658499","479132.441551","479899.172743","434816.50854","435583.028256","436349.507779","437115.993486","437883.032924","472998.874297","473766.878667","474532.285975","475298.871545","476065.970963","476832.439047","477599.223416","478365.581744","479141.974009","Mapping"
"Mixed","Both","done","47","m160reek.wav","None","726.831957407","120","472232.658499","479132.441551","479899.172743","480665.875181","435583.028256","436349.507779","437115.993486","437883.032924","472998.874297","473766.878667","474532.285975","475298.871545","476065.970963","476832.439047","477599.223416","478365.581744","479909.134025","Mapping"
"Mixed","Both","done","47","m160jolt.wav","None","727.967863204","120","472232.658499","479132.441551","479899.172743","480665.875181","481432.138592","436349.507779","437115.993486","437883.032924","472998.874297","473766.878667","474532.285975","475298.871545","476065.970963","476832.439047","477599.223416","478365.581744","480675.997852","Mapping"
"Mixed","Both","done","47","m160priest.wav","None","730.780420476","120","472232.658499","479132.441551","479899.172743","480665.875181","481432.138592","482198.729727","437115.993486","437883.032924","472998.874297","473766.878667","474532.285975","475298.871545","476065.970963","476832.439047","477599.223416","478365.581744","481441.463903","Mapping"
"Mixed","Both","done","47","m150ball.wav","None","732.824680046","120","472232.658499","479132.441551","479899.172743","480665.875181","481432.138592","482198.729727","482965.439585","437883.032924","472998.874297","473766.878667","474532.285975","475298.871545","476065.970963","476832.439047","477599.223416","478365.581744","482207.766888","Mapping"
"Mixed","Both","done","47","m150jolt.wav","None","734.486800327","120","472232.658499","479132.441551","479899.172743","480665.875181","481432.138592","482198.729727","482965.439585","483732.261674","472998.874297","473766.878667","474532.285975","475298.871545","476065.970963","476832.439047","477599.223416","478365.581744","482974.539199","Mapping"
"Mixed","Both","done","39","m150lash.wav","None","734.544615843","120","486866.278158","479132.441551","479899.172743","480665.875181","481432.138592","482198.729727","482965.439585","483732.261674","472998.874297","473766.878667","474532.285975","475298.871545","476065.970963","476832.439047","477599.223416","478365.581744","483742.369505","Mapping"
"Mixed","Both","done","39","m150jolt.wav","None","721.71790764","120","486866.278158","479132.441551","479899.172743","480665.875181","481432.138592","482198.729727","482965.439585","483732.261674","487632.861255","473766.878667","474532.285975","475298.871545","476065.970963","476832.439047","477599.223416","478365.581744","486876.308696","Mapping"
"Mixed","Both","done","39","m160depth.wav","None","722.808674036","120","486866.278158","479132.441551","479899.172743","480665.875181","481432.138592","482198.729727","482965.439585","483732.261674","487632.861255","488399.339233","474532.285975","475298.871545","476065.970963","476832.439047","477599.223416","478365.581744","487643.177469","Mapping"
"Mixed","Both","done","39","m150ball.wav","None","725.322878337","120","486866.278158","479132.441551","479899.172743","480665.875181","481432.138592","482198.729727","482965.439585","483732.261674","487632.861255","488399.339233","489165.343247","475298.871545","476065.970963","476832.439047","477599.223416","478365.581744","488408.695461","Mapping"
"Mixed","Both","done","39","m160done.wav","None","727.816058672","120","486866.278158","479132.441551","479899.172743","480665.875181","481432.138592","482198.729727","482965.439585","483732.261674","487632.861255","488399.339233","489165.343247","489931.977048","476065.970963","476832.439047","477599.223416","478365.581744","489174.404523","Mapping"
"Mixed","Both","done","39","m160park.wav","space","287.11148788","120","486866.278158","479132.441551","479899.172743","480665.875181","481432.138592","482198.729727","482965.439585","483732.261674","487632.861255","488399.339233","489165.343247","489931.977048","490699.242802","476832.439047","477599.223416","478365.581744","489941.289065","Mapping"
"Mixed","Both","done","39","m150done.wav","None","727.399910276","120","486866.278158","479132.441551","479899.172743","480665.875181","481432.138592","482198.729727","482965.439585","483732.261674","487632.861255","488399.339233","489165.343247","489931.977048","490699.242802","491465.729127","477599.223416","478365.581744","490708.911296","Mapping"
"Mixed","Both","done","39","m160reek.wav","space","360.984014813","120","486866.278158","479132.441551","479899.172743","480665.875181","481432.138592","482198.729727","482965.439585","483732.261674","487632.861255","488399.339233","489165.343247","489931.977048","490699.242802","491465.729127","492232.173405","478365.581744","491475.384327","Mapping"
"Mixed","Both","done","39","m160greet.wav","None","729.171169049","120","486866.278158","479132.441551","479899.172743","480665.875181","481432.138592","482198.729727","482965.439585","483732.261674","487632.861255","488399.339233","489165.343247","489931.977048","490699.242802","491465.729127","492232.173405","492998.937368","492241.214894","Mapping"
"Mixed","Both","done","39","m150done.wav","None","729.483434872","120","486866.278158","493765.189031","479899.172743","480665.875181","481432.138592","482198.729727","482965.439585","483732.261674","487632.861255","488399.339233","489165.343247","489931.977048","490699.242802","491465.729127","492232.173405","492998.937368","493009.102706","Mapping"
"Mixed","Both","done","39","m160knife.wav","space","349.773050693","120","486866.278158","493765.189031","494531.957632","480665.875181","481432.138592","482198.729727","482965.439585","483732.261674","487632.861255","488399.339233","489165.343247","489931.977048","490699.242802","491465.729127","492232.173405","492998.937368","493774.578031","Mapping"
"Mixed","Both","done","39","m160jolt.wav","None","731.135043257","120","486866.278158","493765.189031","494531.957632","495298.916066","481432.138592","482198.729727","482965.439585","483732.261674","487632.861255","488399.339233","489165.343247","489931.977048","490699.242802","491465.729127","492232.173405","492998.937368","494541.265938","Mapping"
"Mixed","Both","done","39","m160done.wav","None","731.44576326","120","486866.278158","493765.189031","494531.957632","495298.916066","496065.593461","482198.729727","482965.439585","483732.261674","487632.861255","488399.339233","489165.343247","489931.977048","490699.242802","491465.729127","492232.173405","492998.937368","495308.982158","Mapping"
"Mixed","Both","done","39","m150gnash.wav","space","592.778062739","120","486866.278158","493765.189031","494531.957632","495298.916066","496065.593461","496832.113796","482965.439585","483732.261674","487632.861255","488399.339233","489165.343247","489931.977048","490699.242802","491465.729127","492232.173405","492998.937368","496075.523208","Mapping"
"Mixed","Both","done","39","m150ball.wav","None","733.003382687","120","486866.278158","493765.189031","494531.957632","495298.916066","496065.593461","496832.113796","497598.620218","483732.261674","487632.861255","488399.339233","489165.343247","489931.977048","490699.242802","491465.729127","492232.173405","492998.937368","496841.851236","Mapping"
"Mixed","Both","done","39","m150reek.wav","None","735.22541736","120","486866.278158","493765.189031","494531.957632","495298.916066","496065.593461","496832.113796","497598.620218","498382.717721","487632.861255","488399.339233","489165.343247","489931.977048","490699.242802","491465.729127","492232.173405","492998.937368","497608.211109","Mapping"
"Mixed","Both","ball","5","m160romp.wav","None","719.075396133","120","501515.841002","493765.189031","494531.957632","495298.916066","496065.593461","496832.113796","497598.620218","498382.717721","487632.861255","488399.339233","489165.343247","489931.977048","490699.242802","491465.729127","492232.173405","492998.937368","498392.554406","Mapping"
"Mixed","Both","ball","5","m150cad.wav","None","721.471186669","120","501515.841002","493765.189031","494531.957632","495298.916066","496065.593461","496832.113796","497598.620218","498382.717721","502282.116779","488399.339233","489165.343247","489931.977048","490699.242802","491465.729127","492232.173405","492998.937368","501526.331899","Mapping"
"Mixed","Both","ball","5","m160knife.wav","None","723.928193678","120","501515.841002","493765.189031","494531.957632","495298.916066","496065.593461","496832.113796","497598.620218","498382.717721","502282.116779","503048.863739","489165.343247","489931.977048","490699.242802","491465.729127","492232.173405","492998.937368","502292.093829","Mapping"
"Mixed","Both","ball","5","m150park.wav","None","725.489214004","120","501515.841002","493765.189031","494531.957632","495298.916066","496065.593461","496832.113796","497598.620218","498382.717721","502282.116779","503048.863739","503815.064696","489931.977048","490699.242802","491465.729127","492232.173405","492998.937368","503058.654666","Mapping"
"Mixed","Both","ball","5","m150ball.wav","None","727.976210939","120","501515.841002","493765.189031","494531.957632","495298.916066","496065.593461","496832.113796","497598.620218","498382.717721","502282.116779","503048.863739","503815.064696","504582.037662","490699.242802","491465.729127","492232.173405","492998.937368","503824.358781","Mapping"
"Mixed","Both","ball","5","m160cave.wav","space","332.441365928","120","501515.841002","493765.189031","494531.957632","495298.916066","496065.593461","496832.113796","497598.620218","498382.717721","502282.116779","503048.863739","503815.064696","504582.037662","505348.408047","491465.729127","492232.173405","492998.937368","504591.760261","Mapping"
"Mixed","Both","ball","5","m160cave.wav","None","728.325886885","120","501515.841002","493765.189031","494531.957632","495298.916066","496065.593461","496832.113796","497598.620218","498382.717721","502282.116779","503048.863739","503815.064696","504582.037662","505348.408047","506115.487059","492232.173405","492998.937368","505357.751908","Mapping"
"Mixed","Both","ball","5","m150lash.wav","None","729.794154933","120","501515.841002","493765.189031","494531.957632","495298.916066","496065.593461","496832.113796","497598.620218","498382.717721","502282.116779","503048.863739","503815.064696","504582.037662","505348.408047","506115.487059","506881.979259","492998.937368","506124.802476","Mapping"
"Mixed","Both","ball","5","m160greet.wav","None","731.584273337","120","501515.841002","493765.189031","494531.957632","495298.916066","496065.593461","496832.113796","497598.620218","498382.717721","502282.116779","503048.863739","503815.064696","504582.037662","505348.408047","506115.487059","506881.979259","507649.25336","506891.226658","Mapping"
"Mixed","Both","ball","5","m160ball.wav","None","731.972596026","120","501515.841002","508415.441023","494531.957632","495298.916066","496065.593461","496832.113796","497598.620218","498382.717721","502282.116779","503048.863739","503815.064696","504582.037662","505348.408047","506115.487059","506881.979259","507649.25336","507659.045524","Mapping"
"Mixed","Both","ball","5","m150romp.wav","space","330.72668605","120","501515.841002","508415.441023","509181.673516","495298.916066","496065.593461","496832.113796","497598.620218","498382.717721","502282.116779","503048.863739","503815.064696","504582.037662","505348.408047","506115.487059","506881.979259","507649.25336","508425.380663","Mapping"
"Mixed","Both","ball","5","m150cave.wav","None","734.03757019","120","501515.841002","508415.441023","509181.673516","509948.229715","496065.593461","496832.113796","497598.620218","498382.717721","502282.116779","503048.863739","503815.064696","504582.037662","505348.408047","506115.487059","506881.979259","507649.25336","509191.034073","Mapping"
"Mixed","Both","ball","5","m160ball.wav","None","735.926624329","120","501515.841002","508415.441023","509181.673516","509948.229715","510732.316707","496832.113796","497598.620218","498382.717721","502282.116779","503048.863739","503815.064696","504582.037662","505348.408047","506115.487059","506881.979259","507649.25336","509957.375396","Mapping"
"Mixed","Both","ball","5","m160greet.wav","space","453.768415551","120","501515.841002","508415.441023","509181.673516","509948.229715","510732.316707","511499.025947","497598.620218","498382.717721","502282.116779","503048.863739","503815.064696","504582.037662","505348.408047","506115.487059","506881.979259","507649.25336","510742.37507","Mapping"
"Mixed","Both","ball","5","m150ball.wav","None","719.033348432","120","501515.841002","508415.441023","509181.673516","509948.229715","510732.316707","511499.025947","512265.558958","498382.717721","502282.116779","503048.863739","503815.064696","504582.037662","505348.408047","506115.487059","506881.979259","507649.25336","511508.841917","Mapping"
"Mixed","Both","ball","5","m150priest.wav","space","393.141218694","120","501515.841002","508415.441023","509181.673516","509948.229715","510732.316707","511499.025947","512265.558958","513031.996433","502282.116779","503048.863739","503815.064696","504582.037662","505348.408047","506115.487059","506881.979259","507649.25336","512274.934664","Mapping"
"Mixed","Both","cave","16","m160dime.wav","None","720.508109138","120","516165.754448","508415.441023","509181.673516","509948.229715","510732.316707","511499.025947","512265.558958","513031.996433","502282.116779","503048.863739","503815.064696","504582.037662","505348.408047","506115.487059","506881.979259","507649.25336","513041.391927","Mapping"
"Mixed","Both","cave","16","m150cave.wav","None","722.043777234","120","516165.754448","508415.441023","509181.673516","509948.229715","510732.316707","511499.025947","512265.558958","513031.996433","516931.875639","503048.863739","503815.064696","504582.037662","505348.408047","506115.487059","506881.979259","507649.25336","516175.88423","Mapping"
"Mixed","Both","cave","16","m150greet.wav","None","724.728645582","120","516165.754448","508415.441023","509181.673516","509948.229715","510732.316707","511499.025947","512265.558958","513031.996433","516931.875639","517698.321772","503815.064696","504582.037662","505348.408047","506115.487059","506881.979259","507649.25336","516941.483535","Mapping"
"Mixed","Both","cave","16","m160cave.wav","space","47.8589225677","120","516165.754448","508415.441023","509181.673516","509948.229715","510732.316707","511499.025947","512265.558958","513031.996433","516931.875639","517698.321772","518464.85571","504582.037662","505348.408047","506115.487059","506881.979259","507649.25336","517708.152582","Mapping"
"Mixed","Both","cave","16","m150park.wav","space","393.835933064","120","516165.754448","508415.441023","509181.673516","509948.229715","510732.316707","511499.025947","512265.558958","513031.996433","516931.875639","517698.321772","518464.85571","519231.614109","505348.408047","506115.487059","506881.979259","507649.25336","518474.133717","Mapping"
"Mixed","Both","cave","16","m150gnash.wav","None","725.558778155","120","516165.754448","508415.441023","509181.673516","509948.229715","510732.316707","511499.025947","512265.558958","513031.996433","516931.875639","517698.321772","518464.85571","519231.614109","519998.58862","506115.487059","506881.979259","507649.25336","519240.660544","Mapping"
"Mixed","Both","cave","16","m160jaw.wav","None","725.660187309","120","516165.754448","508415.441023","509181.673516","509948.229715","510732.316707","511499.025947","512265.558958","513031.996433","516931.875639","517698.321772","518464.85571","519231.614109","519998.58862","520764.797307","506881.979259","507649.25336","520008.852274","Mapping"
"Mixed","Both","cave","16","m160bluff.wav","None","728.7407986","120","516165.754448","508415.441023","509181.673516","509948.229715","510732.316707","511499.025947","512265.558958","513031.996433","516931.875639","517698.321772","518464.85571","519231.614109","519998.58862","520764.797307","521531.777383","507649.25336","520774.080261","Mapping"
"Mixed","Both","cave","16","m150gnash.wav","None","729.177970847","120","516165.754448","508415.441023","509181.673516","509948.229715","510732.316707","511499.025947","512265.558958","513031.996433","516931.875639","517698.321772","518464.85571","519231.614109","519998.58862","520764.797307","521531.777383","522298.568555","521541.660445","Mapping"
"Mixed","Both","cave","16","m160cave.wav","None","730.273065681","120","516165.754448","523064.760546","509181.673516","509948.229715","510732.316707","511499.025947","512265.558958","513031.996433","516931.875639","517698.321772","518464.85571","519231.614109","519998.58862","520764.797307","521531.777383","522298.568555","522308.771611","Mapping"
"Mixed","Both","cave","16","m160park.wav","space","625.857223989","120","516165.754448","523064.760546","523831.47195","509948.229715","510732.316707","511499.025947","512265.558958","513031.996433","516931.875639","517698.321772","518464.85571","519231.614109","519998.58862","520764.797307","521531.777383","522298.568555","523074.045664","Mapping"
"Mixed","Both","cave","16","m150bluff.wav","None","732.203549123","120","516165.754448","523064.760546","523831.47195","524598.419873","510732.316707","511499.025947","512265.558958","513031.996433","516931.875639","517698.321772","518464.85571","519231.614109","519998.58862","520764.797307","521531.777383","522298.568555","523840.949375","Mapping"
"Mixed","Both","cave","16","m160tile.wav","None","733.058106503","120","516165.754448","523064.760546","523831.47195","524598.419873","525364.873426","511499.025947","512265.558958","513031.996433","516931.875639","517698.321772","518464.85571","519231.614109","519998.58862","520764.797307","521531.777383","522298.568555","524608.455975","Mapping"
"Mixed","Both","cave","16","m150cave.wav","None","735.090926581","120","516165.754448","523064.760546","523831.47195","524598.419873","525364.873426","526148.870139","512265.558958","513031.996433","516931.875639","517698.321772","518464.85571","519231.614109","519998.58862","520764.797307","521531.777383","522298.568555","525374.75896","Mapping"
"Mixed","Both","cave","16","m160park.wav","space","453.184694808","120","516165.754448","523064.760546","523831.47195","524598.419873","525364.873426","526148.870139","526898.627978","513031.996433","516931.875639","517698.321772","518464.85571","519231.614109","519998.58862","520764.797307","521531.777383","522298.568555","526158.680234","Mapping"
"Mixed","Both","cave","16","m150greet.wav","None","735.34104845","120","516165.754448","523064.760546","523831.47195","524598.419873","525364.873426","526148.870139","526898.627978","527681.596996","516931.875639","517698.321772","518464.85571","519231.614109","519998.58862","520764.797307","521531.777383","522298.568555","526908.377476","Mapping"
"Mixed","Both","cave","15","m160jolt.wav","None","720.644764137","120","530815.534641","523064.760546","523831.47195","524598.419873","525364.873426","526148.870139","526898.627978","527681.596996","516931.875639","517698.321772","518464.85571","519231.614109","519998.58862","520764.797307","521531.777383","522298.568555","527691.357006","Mapping"
"Mixed","Both","cave","15","m160cave.wav","None","721.680497576","120","530815.534641","523064.760546","523831.47195","524598.419873","525364.873426","526148.870139","526898.627978","527681.596996","531581.627388","517698.321772","518464.85571","519231.614109","519998.58862","520764.797307","521531.777383","522298.568555","530825.588366","Mapping"
"Mixed","Both","cave","15","m160cling.wav","space","396.514308755","120","530815.534641","523064.760546","523831.47195","524598.419873","525364.873426","526148.870139","526898.627978","527681.596996","531581.627388","532348.903653","518464.85571","519231.614109","519998.58862","520764.797307","521531.777383","522298.568555","531591.248269","Mapping"
"Mixed","Both","cave","15","m160cad.wav","None","722.344603681","120","530815.534641","523064.760546","523831.47195","524598.419873","525364.873426","526148.870139","526898.627978","527681.596996","531581.627388","532348.903653","533115.084514","519231.614109","519998.58862","520764.797307","521531.777383","522298.568555","532358.957997","Mapping"
"Mixed","Both","cave","15","m160cave.wav","space","318.785761774","120","530815.534641","523064.760546","523831.47195","524598.419873","525364.873426","526148.870139","526898.627978","527681.596996","531581.627388","532348.903653","533115.084514","533881.335867","519998.58862","520764.797307","521531.777383","522298.568555","533125.012406","Mapping"
"Mixed","Both","cave","15","m150knife.wav","space","665.144602244","120","530815.534641","523064.760546","523831.47195","524598.419873","525364.873426","526148.870139","526898.627978","527681.596996","531581.627388","532348.903653","533115.084514","533881.335867","534648.588635","520764.797307","521531.777383","522298.568555","533890.61171","Mapping"
"Mixed","Both","cave","15","m150cave.wav","None","721.839413105","120","530815.534641","523064.760546","523831.47195","524598.419873","525364.873426","526148.870139","526898.627978","527681.596996","531581.627388","532348.903653","533115.084514","533881.335867","534648.588635","535415.019928","521531.777383","522298.568555","534659.045524","Mapping"
"Mixed","Both","cave","15","m150priest.wav","space","666.947087622","120","530815.534641","523064.760546","523831.47195","524598.419873","525364.873426","526148.870139","526898.627978","527681.596996","531581.627388","532348.903653","533115.084514","533881.335867","534648.588635","535415.019928","536181.951155","522298.568555","535424.814874","Mapping"
"Mixed","Both","cave","15","m150cave.wav","None","723.47308934","120","530815.534641","523064.760546","523831.47195","524598.419873","525364.873426","526148.870139","526898.627978","527681.596996","531581.627388","532348.903653","533115.084514","533881.335867","534648.588635","535415.019928","536181.951155","536947.933217","536191.714875","Mapping"
"Mixed","Both","cave","15","m160jolt.wav","None","725.90659908","120","530815.534641","537714.541666","523831.47195","524598.419873","525364.873426","526148.870139","526898.627978","527681.596996","531581.627388","532348.903653","533115.084514","533881.335867","534648.588635","535415.019928","536181.951155","536947.933217","536957.558736","Mapping"
"Mixed","Both","cave","15","m150ball.wav","space","64.0129630337","120","530815.534641","537714.541666","538481.193709","524598.419873","525364.873426","526148.870139","526898.627978","527681.596996","531581.627388","532348.903653","533115.084514","533881.335867","534648.588635","535415.019928","536181.951155","536947.933217","537723.675289","Mapping"
"Mixed","Both","cave","15","m150jaw.wav","None","726.804440841","120","530815.534641","537714.541666","538481.193709","539248.242731","525364.873426","526148.870139","526898.627978","527681.596996","531581.627388","532348.903653","533115.084514","533881.335867","534648.588635","535415.019928","536181.951155","536947.933217","538490.700196","Mapping"
"Mixed","Both","cave","15","m160greet.wav","None","727.619114739","120","530815.534641","537714.541666","538481.193709","539248.242731","540014.56303","526148.870139","526898.627978","527681.596996","531581.627388","532348.903653","533115.084514","533881.335867","534648.588635","535415.019928","536181.951155","536947.933217","539258.140014","Mapping"
"Mixed","Both","cave","15","m160reek.wav","None","731.170598301","120","530815.534641","537714.541666","538481.193709","539248.242731","540014.56303","540781.451591","526898.627978","527681.596996","531581.627388","532348.903653","533115.084514","533881.335867","534648.588635","535415.019928","536181.951155","536947.933217","540023.594626","Mapping"
"Mixed","Both","cave","15","m150priest.wav","None","732.139240892","120","530815.534641","537714.541666","538481.193709","539248.242731","540014.56303","540781.451591","541547.799716","527681.596996","531581.627388","532348.903653","533115.084514","533881.335867","534648.588635","535415.019928","536181.951155","536947.933217","540790.955914","Mapping"
"Mixed","Both","cave","15","m150depth.wav","None","734.224620624","120","530815.534641","537714.541666","538481.193709","539248.242731","540014.56303","540781.451591","541547.799716","542314.405073","531581.627388","532348.903653","533115.084514","533881.335867","534648.588635","535415.019928","536181.951155","536947.933217","541557.174494","Mapping"
"Mixed","Both","cave","22","m150park.wav","None","736.186330614","120","545448.643854","537714.541666","538481.193709","539248.242731","540014.56303","540781.451591","541547.799716","542314.405073","531581.627388","532348.903653","533115.084514","533881.335867","534648.588635","535415.019928","536181.951155","536947.933217","542323.763775","Mapping"
"Mixed","Both","cave","22","m160cling.wav","None","721.601039812","120","545448.643854","537714.541666","538481.193709","539248.242731","540014.56303","540781.451591","541547.799716","542314.405073","546214.416605","532348.903653","533115.084514","533881.335867","534648.588635","535415.019928","536181.951155","536947.933217","545458.467244","Mapping"
"Mixed","Both","cave","22","m160cling.wav","None","724.494600727","120","545448.643854","537714.541666","538481.193709","539248.242731","540014.56303","540781.451591","541547.799716","542314.405073","546214.416605","546981.403175","533115.084514","533881.335867","534648.588635","535415.019928","536181.951155","536947.933217","546223.952155","Mapping"
"Mixed","Both","cave","22","m160cling.wav","None","725.843218388","120","545448.643854","537714.541666","538481.193709","539248.242731","540014.56303","540781.451591","541547.799716","542314.405073","546214.416605","546981.403175","547748.18909","533881.335867","534648.588635","535415.019928","536181.951155","536947.933217","546990.958511","Mapping"
"Mixed","Both","cave","22","m150cad.wav","None","727.069403103","120","545448.643854","537714.541666","538481.193709","539248.242731","540014.56303","540781.451591","541547.799716","542314.405073","546214.416605","546981.403175","547748.18909","548514.4862","534648.588635","535415.019928","536181.951155","536947.933217","547758.046798","Mapping"
"Mixed","Both","cave","22","m160cave.wav","space","423.949495773","120","545448.643854","537714.541666","538481.193709","539248.242731","540014.56303","540781.451591","541547.799716","542314.405073","546214.416605","546981.403175","547748.18909","548514.4862","549281.111036","535415.019928","536181.951155","536947.933217","548523.601582","Mapping"
"Mixed","Both","cave","22","m150cling.wav","space","481.117652205","120","545448.643854","537714.541666","538481.193709","539248.242731","540014.56303","540781.451591","541547.799716","542314.405073","546214.416605","546981.403175","547748.18909","548514.4862","549281.111036","550048.350819","536181.951155","536947.933217","549290.439748","Mapping"
"Mixed","Both","cave","22","m150cave.wav","None","729.693982517","120","545448.643854","537714.541666","538481.193709","539248.242731","540014.56303","540781.451591","541547.799716","542314.405073","546214.416605","546981.403175","547748.18909","548514.4862","549281.111036","550048.350819","550814.810555","536947.933217","550057.420443","Mapping"
"Mixed","Both","cave","22","m160jolt.wav","space","690.674349025","120","545448.643854","537714.541666","538481.193709","539248.242731","540014.56303","540781.451591","541547.799716","542314.405073","546214.416605","546981.403175","547748.18909","548514.4862","549281.111036","550048.350819","550814.810555","551581.367063","550824.854696","Mapping"
"Mixed","Both","cave","22","m150done.wav","None","730.380039953","120","545448.643854","552347.735593","538481.193709","539248.242731","540014.56303","540781.451591","541547.799716","542314.405073","546214.416605","546981.403175","547748.18909","548514.4862","549281.111036","550048.350819","550814.810555","551581.367063","551590.895501","Mapping"
"Mixed","Both","cave","22","m150cave.wav","None","732.32103535","120","545448.643854","552347.735593","553114.639613","539248.242731","540014.56303","540781.451591","541547.799716","542314.405073","546214.416605","546981.403175","547748.18909","548514.4862","549281.111036","550048.350819","550814.810555","551581.367063","552357.414908","Mapping"
"Mixed","Both","cave","22","m160knife.wav","space","479.006611044","120","545448.643854","552347.735593","553114.639613","553881.295056","540014.56303","540781.451591","541547.799716","542314.405073","546214.416605","546981.403175","547748.18909","548514.4862","549281.111036","550048.350819","550814.810555","551581.367063","553124.49021","Mapping"
"Mixed","Both","cave","22","m160park.wav","None","733.437772375","120","545448.643854","552347.735593","553114.639613","553881.295056","554647.779218","540781.451591","541547.799716","542314.405073","546214.416605","546981.403175","547748.18909","548514.4862","549281.111036","550048.350819","550814.810555","551581.367063","553891.051974","Mapping"
"Mixed","Both","cave","22","m160cave.wav","None","736.319275515","120","545448.643854","552347.735593","553114.639613","553881.295056","554647.779218","555431.61887","541547.799716","542314.405073","546214.416605","546981.403175","547748.18909","548514.4862","549281.111036","550048.350819","550814.810555","551581.367063","554657.18244","Mapping"
"Mixed","Both","cave","22","m150dime.wav","space","458.046458371","120","545448.643854","552347.735593","553114.639613","553881.295056","554647.779218","555431.61887","556197.82632","542314.405073","546214.416605","546981.403175","547748.18909","548514.4862","549281.111036","550048.350819","550814.810555","551581.367063","555441.419381","Mapping"
"Mixed","Both","cave","22","m150jolt.wav","None","720.686502696","120","545448.643854","552347.735593","553114.639613","553881.295056","554647.779218","555431.61887","556197.82632","556965.039514","546214.416605","546981.403175","547748.18909","548514.4862","549281.111036","550048.350819","550814.810555","551581.367063","556207.105255","Mapping"
"Mixed","Both","tile","34","m160depth.wav","None","721.11007123","120","560097.922566","552347.735593","553114.639613","553881.295056","554647.779218","555431.61887","556197.82632","556965.039514","546214.416605","546981.403175","547748.18909","548514.4862","549281.111036","550048.350819","550814.810555","551581.367063","556975.311825","Mapping"
"Mixed","Both","tile","34","m150depth.wav","None","723.427022342","120","560097.922566","552347.735593","553114.639613","553881.295056","554647.779218","555431.61887","556197.82632","556965.039514","560864.631497","546981.403175","547748.18909","548514.4862","549281.111036","550048.350819","550814.810555","551581.367063","560107.511293","Mapping"
"Mixed","Both","tile","34","m150tile.wav","None","726.679534477","120","560097.922566","552347.735593","553114.639613","553881.295056","554647.779218","555431.61887","556197.82632","556965.039514","560864.631497","561631.155542","547748.18909","548514.4862","549281.111036","550048.350819","550814.810555","551581.367063","560874.234446","Mapping"
"Mixed","Both","tile","34","m160park.wav","space","722.495480615","120","560097.922566","552347.735593","553114.639613","553881.295056","554647.779218","555431.61887","556197.82632","556965.039514","560864.631497","561631.155542","562397.604457","548514.4862","549281.111036","550048.350819","550814.810555","551581.367063","561640.854644","Mapping"
"Mixed","Both","tile","34","m160cling.wav","None","727.712794498","120","560097.922566","552347.735593","553114.639613","553881.295056","554647.779218","555431.61887","556197.82632","556965.039514","560864.631497","561631.155542","562397.604457","563164.178278","549281.111036","550048.350819","550814.810555","551581.367063","562407.564811","Mapping"
"Mixed","Both","tile","34","m150depth.wav","None","730.825559935","120","560097.922566","552347.735593","553114.639613","553881.295056","554647.779218","555431.61887","556197.82632","556965.039514","560864.631497","561631.155542","562397.604457","563164.178278","563931.125273","550048.350819","550814.810555","551581.367063","563173.204309","Mapping"
"Mixed","Both","tile","34","m160tile.wav","None","732.177269296","120","560097.922566","552347.735593","553114.639613","553881.295056","554647.779218","555431.61887","556197.82632","556965.039514","560864.631497","561631.155542","562397.604457","563164.178278","563931.125273","564698.118644","550814.810555","551581.367063","563940.348557","Mapping"
"Mixed","Both","tile","34","m160knife.wav","space","447.609975585","120","560097.922566","552347.735593","553114.639613","553881.295056","554647.779218","555431.61887","556197.82632","556965.039514","560864.631497","561631.155542","562397.604457","563164.178278","563931.125273","564698.118644","565464.145537","551581.367063","564707.712318","Mapping"
"Mixed","Both","tile","34","m160dime.wav","None","733.675218071","120","560097.922566","552347.735593","553114.639613","553881.295056","554647.779218","555431.61887","556197.82632","556965.039514","560864.631497","561631.155542","562397.604457","563164.178278","563931.125273","564698.118644","565464.145537","566230.709156","565473.199084","Mapping"
"Mixed","Both","tile","34","m160ball.wav","None","736.024941725","120","560097.922566","567014.964957","553114.639613","553881.295056","554647.779218","555431.61887","556197.82632","556965.039514","560864.631497","561631.155542","562397.604457","563164.178278","563931.125273","564698.118644","565464.145537","566230.709156","566239.840305","Mapping"
"Mixed","Both","tile","34","m150depth.wav","None","718.238770845","120","560097.922566","567014.964957","567781.013801","553881.295056","554647.779218","555431.61887","556197.82632","556965.039514","560864.631497","561631.155542","562397.604457","563164.178278","563931.125273","564698.118644","565464.145537","566230.709156","567026.074821","Mapping"
"Mixed","Both","tile","34","m160tile.wav","None","722.856286913","120","560097.922566","567014.964957","567781.013801","568548.114455","554647.779218","555431.61887","556197.82632","556965.039514","560864.631497","561631.155542","562397.604457","563164.178278","563931.125273","564698.118644","565464.145537","566230.709156","567790.105376","Mapping"
"Mixed","Both","tile","34","m150knife.wav","space","412.957736175","120","560097.922566","567014.964957","567781.013801","568548.114455","569314.84441","555431.61887","556197.82632","556965.039514","560864.631497","561631.155542","562397.604457","563164.178278","563931.125273","564698.118644","565464.145537","566230.709156","568558.274536","Mapping"
"Mixed","Both","tile","34","m150gnash.wav","None","722.395926598","120","560097.922566","567014.964957","567781.013801","568548.114455","569314.84441","570081.07443","556197.82632","556965.039514","560864.631497","561631.155542","562397.604457","563164.178278","563931.125273","564698.118644","565464.145537","566230.709156","569324.899372","Mapping"
"Mixed","Both","tile","34","m150tile.wav","None","724.962690379","120","560097.922566","567014.964957","567781.013801","568548.114455","569314.84441","570081.07443","570847.822626","556965.039514","560864.631497","561631.155542","562397.604457","563164.178278","563931.125273","564698.118644","565464.145537","566230.709156","570090.848043","Mapping"
"Mixed","Both","tile","34","m150dime.wav","space","457.982459338","120","560097.922566","567014.964957","567781.013801","568548.114455","569314.84441","570081.07443","570847.822626","571614.463538","560864.631497","561631.155542","562397.604457","563164.178278","563931.125273","564698.118644","565464.145537","566230.709156","570857.215955","Mapping"
"Mixed","Both","tile","31","m150cling.wav","None","725.359979202","120","574748.069439","567014.964957","567781.013801","568548.114455","569314.84441","570081.07443","570847.822626","571614.463538","560864.631497","561631.155542","562397.604457","563164.178278","563931.125273","564698.118644","565464.145537","566230.709156","571624.570441","Mapping"
"Mixed","Both","tile","31","m160tile.wav","None","727.869236667","120","574748.069439","567014.964957","567781.013801","568548.114455","569314.84441","570081.07443","570847.822626","571614.463538","575513.962459","561631.155542","562397.604457","563164.178278","563931.125273","564698.118644","565464.145537","566230.709156","574753.157518","Mapping"
"Mixed","Both","tile","31","m150lash.wav","space","352.125865989","120","574748.069439","567014.964957","567781.013801","568548.114455","569314.84441","570081.07443","570847.822626","571614.463538","575513.962459","576280.955521","562397.604457","563164.178278","563931.125273","564698.118644","565464.145537","566230.709156","575523.013224","Mapping"
"Mixed","Both","tile","31","m150tile.wav","None","724.423799838","120","574748.069439","567014.964957","567781.013801","568548.114455","569314.84441","570081.07443","570847.822626","571614.463538","575513.962459","576280.955521","577047.734944","563164.178278","563931.125273","564698.118644","565464.145537","566230.709156","576290.95174","Mapping"
"Mixed","Both","tile","31","m150cave.wav","space","377.704153128","120","574748.069439","567014.964957","567781.013801","568548.114455","569314.84441","570081.07443","570847.822626","571614.463538","575513.962459","576280.955521","577047.734944","577813.935592","563931.125273","564698.118644","565464.145537","566230.709156","577057.405293","Mapping"
"Mixed","Both","tile","31","m160bluff.wav","None","726.85081698","120","574748.069439","567014.964957","567781.013801","568548.114455","569314.84441","570081.07443","570847.822626","571614.463538","575513.962459","576280.955521","577047.734944","577813.935592","578580.967301","564698.118644","565464.145537","566230.709156","577822.961004","Mapping"
"Mixed","Both","tile","31","m160lash.wav","None","727.813894453","120","574748.069439","567014.964957","567781.013801","568548.114455","569314.84441","570081.07443","570847.822626","571614.463538","575513.962459","576280.955521","577047.734944","577813.935592","578580.967301","579347.53092","565464.145537","566230.709156","578590.533149","Mapping"
"Mixed","Both","tile","31","m160cave.wav","None","729.730774241","120","574748.069439","567014.964957","567781.013801","568548.114455","569314.84441","570081.07443","570847.822626","571614.463538","575513.962459","576280.955521","577047.734944","577813.935592","578580.967301","579347.53092","580114.371559","566230.709156","579357.297113","Mapping"
"Mixed","Both","tile","31","m160depth.wav","None","731.78369063","120","574748.069439","567014.964957","567781.013801","568548.114455","569314.84441","570081.07443","570847.822626","571614.463538","575513.962459","576280.955521","577047.734944","577813.935592","578580.967301","579347.53092","580114.371559","580897.307495","580123.890413","Mapping"
"Mixed","Both","tile","31","m150done.wav","None","720.965996094","120","574748.069439","581664.101758","567781.013801","568548.114455","569314.84441","570081.07443","570847.822626","571614.463538","575513.962459","576280.955521","577047.734944","577813.935592","578580.967301","579347.53092","580114.371559","580897.307495","580906.438335","Mapping"
"Mixed","Both","tile","31","m160gnash.wav","None","722.362226574","120","574748.069439","581664.101758","582430.914571","568548.114455","569314.84441","570081.07443","570847.822626","571614.463538","575513.962459","576280.955521","577047.734944","577813.935592","578580.967301","579347.53092","580114.371559","580897.307495","581673.667915","Mapping"
"Mixed","Both","tile","31","m150tile.wav","None","724.558290618","120","574748.069439","581664.101758","582430.914571","583197.604642","569314.84441","570081.07443","570847.822626","571614.463538","575513.962459","576280.955521","577047.734944","577813.935592","578580.967301","579347.53092","580114.371559","580897.307495","582440.780628","Mapping"
"Mixed","Both","tile","31","m150ball.wav","space","547.782711161","120","574748.069439","581664.101758","582430.914571","583197.604642","583964.159604","570081.07443","570847.822626","571614.463538","575513.962459","576280.955521","577047.734944","577813.935592","578580.967301","579347.53092","580114.371559","580897.307495","583207.2382","Mapping"
"Mixed","Both","tile","31","m160tile.wav","None","726.694993209","120","574748.069439","581664.101758","582430.914571","583197.604642","583964.159604","584730.492579","570847.822626","571614.463538","575513.962459","576280.955521","577047.734944","577813.935592","578580.967301","579347.53092","580114.371559","580897.307495","583973.461727","Mapping"
"Mixed","Both","tile","31","m150knife.wav","space","663.159395044","120","574748.069439","581664.101758","582430.914571","583197.604642","583964.159604","584730.492579","585497.550259","571614.463538","575513.962459","576280.955521","577047.734944","577813.935592","578580.967301","579347.53092","580114.371559","580897.307495","584739.851899","Mapping"
"Mixed","Both","tile","31","m160gnash.wav","None","727.415678208","120","574748.069439","581664.101758","582430.914571","583197.604642","583964.159604","584730.492579","585497.550259","586263.832529","575513.962459","576280.955521","577047.734944","577813.935592","578580.967301","579347.53092","580114.371559","580897.307495","585507.540603","Mapping"
"Mixed","Both","done","46","m160dime.wav","None","730.889249768","120","589397.999581","581664.101758","582430.914571","583197.604642","583964.159604","584730.492579","585497.550259","586263.832529","575513.962459","576280.955521","577047.734944","577813.935592","578580.967301","579347.53092","580114.371559","580897.307495","586272.810328","Mapping"
"Mixed","Both","done","46","m150gnash.wav","None","722.714994336","120","589397.999581","581664.101758","582430.914571","583197.604642","583964.159604","584730.492579","585497.550259","586263.832529","590164.198375","576280.955521","577047.734944","577813.935592","578580.967301","579347.53092","580114.371559","580897.307495","589407.954989","Mapping"
"Mixed","Both","done","46","m160ball.wav","None","725.311438844","120","589397.999581","581664.101758","582430.914571","583197.604642","583964.159604","584730.492579","585497.550259","586263.832529","590164.198375","590930.7521","577047.734944","577813.935592","578580.967301","579347.53092","580114.371559","580897.307495","590173.919738","Mapping"
"Mixed","Both","done","46","m160jaw.wav","None","727.462672628","120","589397.999581","581664.101758","582430.914571","583197.604642","583964.159604","584730.492579","585497.550259","586263.832529","590164.198375","590930.7521","591697.167315","577813.935592","578580.967301","579347.53092","580114.371559","580897.307495","590940.308364","Mapping"
"Mixed","Both","done","46","m150done.wav","None","729.87021174","120","589397.999581","581664.101758","582430.914571","583197.604642","583964.159604","584730.492579","585497.550259","586263.832529","590164.198375","590930.7521","591697.167315","592464.437088","578580.967301","579347.53092","580114.371559","580897.307495","591706.863326","Mapping"
"Mixed","Both","done","46","m150jaw.wav","space","432.764978497","120","589397.999581","581664.101758","582430.914571","583197.604642","583964.159604","584730.492579","585497.550259","586263.832529","590164.198375","590930.7521","591697.167315","592464.437088","593230.746257","579347.53092","580114.371559","580897.307495","592474.105273","Mapping"
"Mixed","Both","done","46","m150greet.wav","None","731.620137522","120","589397.999581","581664.101758","582430.914571","583197.604642","583964.159604","584730.492579","585497.550259","586263.832529","590164.198375","590930.7521","591697.167315","592464.437088","593230.746257","593997.283905","580114.371559","580897.307495","593239.844015","Mapping"
"Mixed","Both","done","46","m160done.wav","None","732.882495562","120","589397.999581","581664.101758","582430.914571","583197.604642","583964.159604","584730.492579","585497.550259","586263.832529","590164.198375","590930.7521","591697.167315","592464.437088","593230.746257","593997.283905","594763.483935","580897.307495","594007.362983","Mapping"
"Mixed","Both","done","46","m160bluff.wav","space","549.969499931","120","589397.999581","581664.101758","582430.914571","583197.604642","583964.159604","584730.492579","585497.550259","586263.832529","590164.198375","590930.7521","591697.167315","592464.437088","593230.746257","593997.283905","594763.483935","595530.232749","594772.864588","Mapping"
"Mixed","Both","done","46","m160done.wav","None","735.626107024","120","589397.999581","596314.350349","582430.914571","583197.604642","583964.159604","584730.492579","585497.550259","586263.832529","590164.198375","590930.7521","591697.167315","592464.437088","593230.746257","593997.283905","594763.483935","595530.232749","595539.492825","Mapping"
"Mixed","Both","done","46","m150park.wav","space","422.224922339","120","589397.999581","596314.350349","597064.131686","583197.604642","583964.159604","584730.492579","585497.550259","586263.832529","590164.198375","590930.7521","591697.167315","592464.437088","593230.746257","593997.283905","594763.483935","595530.232749","596324.609675","Mapping"
"Mixed","Both","done","46","m160park.wav","None","735.309821903","120","589397.999581","596314.350349","597064.131686","597847.701738","583964.159604","584730.492579","585497.550259","586263.832529","590164.198375","590930.7521","591697.167315","592464.437088","593230.746257","593997.283905","594763.483935","595530.232749","597074.038553","Mapping"
"Mixed","Both","done","46","m150depth.wav","None","719.809375587","120","589397.999581","596314.350349","597064.131686","597847.701738","598614.427983","584730.492579","585497.550259","586263.832529","590164.198375","590930.7521","591697.167315","592464.437088","593230.746257","593997.283905","594763.483935","595530.232749","597858.049488","Mapping"
"Mixed","Both","done","46","m150reek.wav","None","721.575378382","120","589397.999581","596314.350349","597064.131686","597847.701738","598614.427983","599380.451784","585497.550259","586263.832529","590164.198375","590930.7521","591697.167315","592464.437088","593230.746257","593997.283905","594763.483935","595530.232749","598625.341212","Mapping"
"Mixed","Both","done","46","m150done.wav","None","725.926695392","120","589397.999581","596314.350349","597064.131686","597847.701738","598614.427983","599380.451784","600146.986031","586263.832529","590164.198375","590930.7521","591697.167315","592464.437088","593230.746257","593997.283905","594763.483935","595530.232749","599389.547069","Mapping"
"Mixed","Both","done","46","m160jaw.wav","None","727.989814535","120","589397.999581","596314.350349","597064.131686","597847.701738","598614.427983","599380.451784","600146.986031","600914.039382","590164.198375","590930.7521","591697.167315","592464.437088","593230.746257","593997.283905","594763.483935","595530.232749","600156.100794","Mapping"
"Mixed","Both","done","43","m160tile.wav","space","0.0346275046468","120","604047.613747","596314.350349","597064.131686","597847.701738","598614.427983","599380.451784","600146.986031","600914.039382","590164.198375","590930.7521","591697.167315","592464.437088","593230.746257","593997.283905","594763.483935","595530.232749","600923.754252","Mapping"
"Mixed","Both","done","43","m160done.wav","None","721.300522506","120","604047.613747","596314.350349","597064.131686","597847.701738","598614.427983","599380.451784","600146.986031","600914.039382","604814.312785","590930.7521","591697.167315","592464.437088","593230.746257","593997.283905","594763.483935","595530.232749","604057.873383","Mapping"
"Mixed","Both","done","43","m160jaw.wav","space","506.006790092","120","604047.613747","596314.350349","597064.131686","597847.701738","598614.427983","599380.451784","600146.986031","600914.039382","604814.312785","605580.511269","591697.167315","592464.437088","593230.746257","593997.283905","594763.483935","595530.232749","604824.690834","Mapping"
"Mixed","Both","done","43","m150lash.wav","None","723.36116829","120","604047.613747","596314.350349","597064.131686","597847.701738","598614.427983","599380.451784","600146.986031","600914.039382","604814.312785","605580.511269","606347.220509","592464.437088","593230.746257","593997.283905","594763.483935","595530.232749","605589.977254","Mapping"
"Mixed","Both","done","43","m150knife.wav","None","725.063172053","120","604047.613747","596314.350349","597064.131686","597847.701738","598614.427983","599380.451784","600146.986031","600914.039382","604814.312785","605580.511269","606347.220509","607113.970869","593230.746257","593997.283905","594763.483935","595530.232749","606357.041117","Mapping"
"Mixed","Both","done","43","m160jolt.wav","None","727.204203024","120","604047.613747","596314.350349","597064.131686","597847.701738","598614.427983","599380.451784","600146.986031","600914.039382","604814.312785","605580.511269","606347.220509","607113.970869","607880.128233","593997.283905","594763.483935","595530.232749","607123.926895","Mapping"
"Mixed","Both","done","43","m150greet.wav","None","730.423015193","120","604047.613747","596314.350349","597064.131686","597847.701738","598614.427983","599380.451784","600146.986031","600914.039382","604814.312785","605580.511269","606347.220509","607113.970869","607880.128233","608646.851077","594763.483935","595530.232749","607889.306377","Mapping"
"Mixed","Both","done","43","m160done.wav","None","732.256417861","120","604047.613747","596314.350349","597064.131686","597847.701738","598614.427983","599380.451784","600146.986031","600914.039382","604814.312785","605580.511269","606347.220509","607113.970869","607880.128233","608646.851077","609413.887732","595530.232749","608656.21287","Mapping"
"Mixed","Both","done","43","m150lash.wav","space","410.691180441","120","604047.613747","596314.350349","597064.131686","597847.701738","598614.427983","599380.451784","600146.986031","600914.039382","604814.312785","605580.511269","606347.220509","607113.970869","607880.128233","608646.851077","609413.887732","610180.431873","609423.941766","Mapping"
"Mixed","Both","done","43","m150done.wav","None","733.940180391","120","604047.613747","610947.274058","597064.131686","597847.701738","598614.427983","599380.451784","600146.986031","600914.039382","604814.312785","605580.511269","606347.220509","607113.970869","607880.128233","608646.851077","609413.887732","610180.431873","610189.654538","Mapping"
"Mixed","Both","done","43","m160cad.wav","space","493.718044949","120","604047.613747","610947.274058","611713.55942","597847.701738","598614.427983","599380.451784","600146.986031","600914.039382","604814.312785","605580.511269","606347.220509","607113.970869","607880.128233","608646.851077","609413.887732","610180.431873","610956.921837","Mapping"
"Mixed","Both","done","43","m160jaw.wav","None","735.322188819","120","604047.613747","610947.274058","611713.55942","612496.88708","598614.427983","599380.451784","600146.986031","600914.039382","604814.312785","605580.511269","606347.220509","607113.970869","607880.128233","608646.851077","609413.887732","610180.431873","611723.357149","Mapping"
"Mixed","Both","done","43","m150done.wav","None","723.49782323","120","604047.613747","610947.274058","611713.55942","612496.88708","613263.894673","599380.451784","600146.986031","600914.039382","604814.312785","605580.511269","606347.220509","607113.970869","607880.128233","608646.851077","609413.887732","610180.431873","612506.675225","Mapping"
"Mixed","Both","done","43","m150jolt.wav","space","368.802101642","120","604047.613747","610947.274058","611713.55942","612496.88708","613263.894673","614030.165504","600146.986031","600914.039382","604814.312785","605580.511269","606347.220509","607113.970869","607880.128233","608646.851077","609413.887732","610180.431873","613273.789483","Mapping"
"Mixed","Both","done","43","m150cave.wav","None","726.261531061","120","604047.613747","610947.274058","611713.55942","612496.88708","613263.894673","614030.165504","614796.852793","600914.039382","604814.312785","605580.511269","606347.220509","607113.970869","607880.128233","608646.851077","609413.887732","610180.431873","614039.243166","Mapping"
"Mixed","Both","done","43","m160ball.wav","None","728.882091178","120","604047.613747","610947.274058","611713.55942","612496.88708","613263.894673","614030.165504","614796.852793","615563.39446","604814.312785","605580.511269","606347.220509","607113.970869","607880.128233","608646.851077","609413.887732","610180.431873","614805.997546","Mapping"
"Mixed","Both","ball","11","m160tile.wav","None","730.964688293","120","618697.477108","610947.274058","611713.55942","612496.88708","613263.894673","614030.165504","614796.852793","615563.39446","604814.312785","605580.511269","606347.220509","607113.970869","607880.128233","608646.851077","609413.887732","610180.431873","615572.715752","Mapping"
"Mixed","Both","ball","11","m150ball.wav","None","722.412931093","120","618697.477108","610947.274058","611713.55942","612496.88708","613263.894673","614030.165504","614796.852793","615563.39446","619463.817503","605580.511269","606347.220509","607113.970869","607880.128233","608646.851077","609413.887732","610180.431873","618707.826713","Mapping"
"Mixed","Both","ball","11","m150tile.wav","space","416.647420614","120","618697.477108","610947.274058","611713.55942","612496.88708","613263.894673","614030.165504","614796.852793","615563.39446","619463.817503","620230.383286","606347.220509","607113.970869","607880.128233","608646.851077","609413.887732","610180.431873","619473.832891","Mapping"
"Mixed","Both","ball","11","m150done.wav","None","724.597555702","120","618697.477108","610947.274058","611713.55942","612496.88708","613263.894673","614030.165504","614796.852793","615563.39446","619463.817503","620230.383286","620996.668339","607113.970869","607880.128233","608646.851077","609413.887732","610180.431873","620240.051471","Mapping"
"Mixed","Both","ball","11","m160greet.wav","None","727.609221183","120","618697.477108","610947.274058","611713.55942","612496.88708","613263.894673","614030.165504","614796.852793","615563.39446","619463.817503","620230.383286","620996.668339","621763.278644","607880.128233","608646.851077","609413.887732","610180.431873","621006.047447","Mapping"
"Mixed","Both","ball","11","m160ball.wav","None","730.310475803","120","618697.477108","610947.274058","611713.55942","612496.88708","613263.894673","614030.165504","614796.852793","615563.39446","619463.817503","620230.383286","620996.668339","621763.278644","622530.046008","608646.851077","609413.887732","610180.431873","621772.330644","Mapping"
"Mixed","Both","ball","11","m160jolt.wav","space","262.94860011","120","618697.477108","610947.274058","611713.55942","612496.88708","613263.894673","614030.165504","614796.852793","615563.39446","619463.817503","620230.383286","620996.668339","621763.278644","622530.046008","623296.605917","609413.887732","610180.431873","622539.48695","Mapping"
"Mixed","Both","ball","11","m160ball.wav","None","731.208935904","120","618697.477108","610947.274058","611713.55942","612496.88708","613263.894673","614030.165504","614796.852793","615563.39446","619463.817503","620230.383286","620996.668339","621763.278644","622530.046008","623296.605917","624063.254868","610180.431873","623305.983788","Mapping"
"Mixed","Both","ball","11","m150knife.wav","space","506.144681713","120","618697.477108","610947.274058","611713.55942","612496.88708","613263.894673","614030.165504","614796.852793","615563.39446","619463.817503","620230.383286","620996.668339","621763.278644","622530.046008","623296.605917","624063.254868","624829.922369","624072.268841","Mapping"
"Mixed","Both","ball","11","m160cad.wav","None","732.692971826","120","618697.477108","625596.55648","611713.55942","612496.88708","613263.894673","614030.165504","614796.852793","615563.39446","619463.817503","620230.383286","620996.668339","621763.278644","622530.046008","623296.605917","624063.254868","624829.922369","624839.270559","Mapping"
"Mixed","Both","ball","11","m160lash.wav","None","733.838771237","120","618697.477108","625596.55648","626380.669133","612496.88708","613263.894673","614030.165504","614796.852793","615563.39446","619463.817503","620230.383286","620996.668339","621763.278644","622530.046008","623296.605917","624063.254868","624829.922369","625606.708523","Mapping"
"Mixed","Both","ball","11","m150ball.wav","None","718.814143969","120","618697.477108","625596.55648","626380.669133","627147.434952","613263.894673","614030.165504","614796.852793","615563.39446","619463.817503","620230.383286","620996.668339","621763.278644","622530.046008","623296.605917","624063.254868","624829.922369","626390.604754","Mapping"
"Mixed","Both","ball","11","m150dime.wav","space","493.098459905","120","618697.477108","625596.55648","626380.669133","627147.434952","627914.161815","614030.165504","614796.852793","615563.39446","619463.817503","620230.383286","620996.668339","621763.278644","622530.046008","623296.605917","624063.254868","624829.922369","627157.277511","Mapping"
"Mixed","Both","ball","11","m150priest.wav","None","719.815868244","120","618697.477108","625596.55648","626380.669133","627147.434952","627914.161815","628680.503138","614796.852793","615563.39446","619463.817503","620230.383286","620996.668339","621763.278644","622530.046008","623296.605917","624063.254868","624829.922369","627924.478338","Mapping"
"Mixed","Both","ball","11","m160bluff.wav","None","722.308430297","120","618697.477108","625596.55648","626380.669133","627147.434952","627914.161815","628680.503138","629446.905059","615563.39446","619463.817503","620230.383286","620996.668339","621763.278644","622530.046008","623296.605917","624063.254868","624829.922369","628690.940857","Mapping"
"Mixed","Both","ball","11","m150cling.wav","None","725.621540565","120","618697.477108","625596.55648","626380.669133","627147.434952","627914.161815","628680.503138","629446.905059","630213.264932","619463.817503","620230.383286","620996.668339","621763.278644","622530.046008","623296.605917","624063.254868","624829.922369","629456.580045","Mapping"
"Mixed","Both","cave","17","m160knife.wav","None","728.281056625","120","633347.193611","625596.55648","626380.669133","627147.434952","627914.161815","628680.503138","629446.905059","630213.264932","619463.817503","620230.383286","620996.668339","621763.278644","622530.046008","623296.605917","624063.254868","624829.922369","630222.643111","Mapping"
"Mixed","Both","cave","17","m160jaw.wav","None","721.595165494","120","633347.193611","625596.55648","626380.669133","627147.434952","627914.161815","628680.503138","629446.905059","630213.264932","634113.524731","620230.383286","620996.668339","621763.278644","622530.046008","623296.605917","624063.254868","624829.922369","633357.244863","Mapping"
"Mixed","Both","cave","17","m150jaw.wav","None","723.988791811","120","633347.193611","625596.55648","626380.669133","627147.434952","627914.161815","628680.503138","629446.905059","630213.264932","634113.524731","634880.255304","620996.668339","621763.278644","622530.046008","623296.605917","624063.254868","624829.922369","634123.513839","Mapping"
"Mixed","Both","cave","17","m150lash.wav","None","725.919893594","120","633347.193611","625596.55648","626380.669133","627147.434952","627914.161815","628680.503138","629446.905059","630213.264932","634113.524731","634880.255304","635646.834072","621763.278644","622530.046008","623296.605917","624063.254868","624829.922369","634890.228334","Mapping"
"Mixed","Both","cave","17","m150cave.wav","None","728.179029131","120","633347.193611","625596.55648","626380.669133","627147.434952","627914.161815","628680.503138","629446.905059","630213.264932","634113.524731","634880.255304","635646.834072","636413.146332","622530.046008","623296.605917","624063.254868","624829.922369","635656.821016","Mapping"
"Mixed","Both","cave","17","m150depth.wav","space","516.116166604","120","633347.193611","625596.55648","626380.669133","627147.434952","627914.161815","628680.503138","629446.905059","630213.264932","634113.524731","634880.255304","635646.834072","636413.146332","637180.026546","623296.605917","624063.254868","624829.922369","636422.118876","Mapping"
"Mixed","Both","cave","17","m160jaw.wav","None","730.098073138","120","633347.193611","625596.55648","626380.669133","627147.434952","627914.161815","628680.503138","629446.905059","630213.264932","634113.524731","634880.255304","635646.834072","636413.146332","637180.026546","637946.405897","624063.254868","624829.922369","637189.672779","Mapping"
"Mixed","Both","cave","17","m160cave.wav","None","733.330179763","120","633347.193611","625596.55648","626380.669133","627147.434952","627914.161815","628680.503138","629446.905059","630213.264932","634113.524731","634880.255304","635646.834072","636413.146332","637180.026546","637946.405897","638713.253338","624829.922369","637955.848694","Mapping"
"Mixed","Both","cave","17","m150cling.wav","space","366.751349473","120","633347.193611","625596.55648","626380.669133","627147.434952","627914.161815","628680.503138","629446.905059","630213.264932","634113.524731","634880.255304","635646.834072","636413.146332","637180.026546","637946.405897","638713.253338","639479.627433","638723.435061","Mapping"
"Mixed","Both","cave","17","m150jolt.wav","None","735.595807957","120","633347.193611","640263.319918","626380.669133","627147.434952","627914.161815","628680.503138","629446.905059","630213.264932","634113.524731","634880.255304","635646.834072","636413.146332","637180.026546","637946.405897","638713.253338","639479.627433","639488.721172","Mapping"
"Mixed","Both","cave","17","m160cave.wav","None","720.579219284","120","633347.193611","640263.319918","641030.311434","627147.434952","627914.161815","628680.503138","629446.905059","630213.264932","634113.524731","634880.255304","635646.834072","636413.146332","637180.026546","637946.405897","638713.253338","639479.627433","640272.554332","Mapping"
"Mixed","Both","cave","17","m160cad.wav","space","633.687059511","120","633347.193611","640263.319918","641030.311434","641796.514865","627914.161815","628680.503138","629446.905059","630213.264932","634113.524731","634880.255304","635646.834072","636413.146332","637180.026546","637946.405897","638713.253338","639479.627433","641040.484191","Mapping"
"Mixed","Both","cave","17","m160gnash.wav","None","722.450650414","120","633347.193611","640263.319918","641030.311434","641796.514865","642562.99377","628680.503138","629446.905059","630213.264932","634113.524731","634880.255304","635646.834072","636413.146332","637180.026546","637946.405897","638713.253338","639479.627433","641806.02228","Mapping"
"Mixed","Both","cave","17","m160tile.wav","None","725.331226015","120","633347.193611","640263.319918","641030.311434","641796.514865","642562.99377","643329.574394","629446.905059","630213.264932","634113.524731","634880.255304","635646.834072","636413.146332","637180.026546","637946.405897","638713.253338","639479.627433","642572.101732","Mapping"
"Mixed","Both","cave","17","m150cave.wav","None","727.341476362","120","633347.193611","640263.319918","641030.311434","641796.514865","642562.99377","643329.574394","644096.490471","630213.264932","634113.524731","634880.255304","635646.834072","636413.146332","637180.026546","637946.405897","638713.253338","639479.627433","643338.996167","Mapping"
"Mixed","Both","cave","17","m150priest.wav","space","432.80764448","120","633347.193611","640263.319918","641030.311434","641796.514865","642562.99377","643329.574394","644096.490471","644863.056564","634113.524731","634880.255304","635646.834072","636413.146332","637180.026546","637946.405897","638713.253338","639479.627433","644105.309046","Mapping"
"Mixed","Both","done","37","m150cad.wav","None","731.786164048","120","647996.950615","640263.319918","641030.311434","641796.514865","642562.99377","643329.574394","644096.490471","644863.056564","634113.524731","634880.255304","635646.834072","636413.146332","637180.026546","637946.405897","638713.253338","639479.627433","644872.41372","Mapping"
"Mixed","Both","done","37","m160done.wav","None","721.600730612","120","647996.950615","640263.319918","641030.311434","641796.514865","642562.99377","643329.574394","644096.490471","644863.056564","648763.321619","634880.255304","635646.834072","636413.146332","637180.026546","637946.405897","638713.253338","639479.627433","648007.048243","Mapping"
"Mixed","Both","done","37","m150priest.wav","space","620.912910905","120","647996.950615","640263.319918","641030.311434","641796.514865","642562.99377","643329.574394","644096.490471","644863.056564","648763.321619","649530.104133","635646.834072","636413.146332","637180.026546","637946.405897","638713.253338","639479.627433","648773.123367","Mapping"
"Mixed","Both","done","37","m150done.wav","None","724.039496388","120","647996.950615","640263.319918","641030.311434","641796.514865","642562.99377","643329.574394","644096.490471","644863.056564","648763.321619","649530.104133","650296.587676","636413.146332","637180.026546","637946.405897","638713.253338","639479.627433","649539.334218","Mapping"
"Mixed","Both","done","37","m150jaw.wav","space","423.392054799","120","647996.950615","640263.319918","641030.311434","641796.514865","642562.99377","643329.574394","644096.490471","644863.056564","648763.321619","649530.104133","650296.587676","651063.317321","637180.026546","637946.405897","638713.253338","639479.627433","650306.631198","Mapping"
"Mixed","Both","done","37","m160lash.wav","None","725.186223281","120","647996.950615","640263.319918","641030.311434","641796.514865","642562.99377","643329.574394","644096.490471","644863.056564","648763.321619","649530.104133","650296.587676","651063.317321","651829.828381","637946.405897","638713.253338","639479.627433","651073.198836","Mapping"
"Mixed","Both","done","37","m160lash.wav","None","727.88314952","120","647996.950615","640263.319918","641030.311434","641796.514865","642562.99377","643329.574394","644096.490471","644863.056564","648763.321619","649530.104133","650296.587676","651063.317321","651829.828381","652596.156409","638713.253338","639479.627433","651839.56242","Mapping"
"Mixed","Both","done","37","m160tile.wav","None","731.123603822","120","647996.950615","640263.319918","641030.311434","641796.514865","642562.99377","643329.574394","644096.490471","644863.056564","648763.321619","649530.104133","650296.587676","651063.317321","651829.828381","652596.156409","653362.849572","639479.627433","652605.585911","Mapping"
"Mixed","Both","done","37","m150jaw.wav","None","733.339454979","120","647996.950615","640263.319918","641030.311434","641796.514865","642562.99377","643329.574394","644096.490471","644863.056564","648763.321619","649530.104133","650296.587676","651063.317321","651829.828381","652596.156409","653362.849572","654129.517073","653372.252176","Mapping"
"Mixed","Both","done","37","m150cling.wav","None","734.934484411","120","647996.950615","654913.622306","641030.311434","641796.514865","642562.99377","643329.574394","644096.490471","644863.056564","648763.321619","649530.104133","650296.587676","651063.317321","651829.828381","652596.156409","653362.849572","654129.517073","654139.756612","Mapping"
"Mixed","Both","done","37","m160done.wav","None","719.66591879","120","647996.950615","654913.622306","655680.093791","641796.514865","642562.99377","643329.574394","644096.490471","644863.056564","648763.321619","649530.104133","650296.587676","651063.317321","651829.828381","652596.156409","653362.849572","654129.517073","654923.877613","Mapping"
"Mixed","Both","done","37","m160jaw.wav","space","464.168724953","120","647996.950615","654913.622306","655680.093791","656446.871358","642562.99377","643329.574394","644096.490471","644863.056564","648763.321619","649530.104133","650296.587676","651063.317321","651829.828381","652596.156409","653362.849572","654129.517073","655689.790729","Mapping"
"Mixed","Both","done","37","m160park.wav","None","721.439960063","120","647996.950615","654913.622306","655680.093791","656446.871358","657212.772417","643329.574394","644096.490471","644863.056564","648763.321619","649530.104133","650296.587676","651063.317321","651829.828381","652596.156409","653362.849572","654129.517073","656457.185718","Mapping"
"Mixed","Both","done","37","m150done.wav","None","726.346244744","120","647996.950615","654913.622306","655680.093791","656446.871358","657212.772417","657979.754658","644096.490471","644863.056564","648763.321619","649530.104133","650296.587676","651063.317321","651829.828381","652596.156409","653362.849572","654129.517073","657221.832148","Mapping"
"Mixed","Both","done","37","m160jaw.wav","space","588.4496246","120","647996.950615","654913.622306","655680.093791","656446.871358","657212.772417","657979.754658","658746.442565","644863.056564","648763.321619","649530.104133","650296.587676","651063.317321","651829.828381","652596.156409","653362.849572","654129.517073","657989.459326","Mapping"
"Mixed","Both","done","37","m150tile.wav","None","726.555864792","120","647996.950615","654913.622306","655680.093791","656446.871358","657212.772417","657979.754658","658746.442565","659512.862418","648763.321619","649530.104133","650296.587676","651063.317321","651829.828381","652596.156409","653362.849572","654129.517073","658756.303675","Mapping"
"Mixed","Both","tile","29","m150cling.wav","None","729.989243846","120","662646.833145","654913.622306","655680.093791","656446.871358","657212.772417","657979.754658","658746.442565","659512.862418","648763.321619","649530.104133","650296.587676","651063.317321","651829.828381","652596.156409","653362.849572","654129.517073","659521.906071","Mapping"
"Mixed","Both","tile","29","m150knife.wav","None","721.320000477","120","662646.833145","654913.622306","655680.093791","656446.871358","657212.772417","657979.754658","658746.442565","659512.862418","663413.176941","649530.104133","650296.587676","651063.317321","651829.828381","652596.156409","653362.849572","654129.517073","662657.069901","Mapping"
"Mixed","Both","tile","29","m150cad.wav","None","724.508204439","120","662646.833145","654913.622306","655680.093791","656446.871358","657212.772417","657979.754658","658746.442565","659512.862418","663413.176941","664179.632039","650296.587676","651063.317321","651829.828381","652596.156409","653362.849572","654129.517073","663423.01579","Mapping"
"Mixed","Both","tile","29","m150tile.wav","None","726.788363769","120","662646.833145","654913.622306","655680.093791","656446.871358","657212.772417","657979.754658","658746.442565","659512.862418","663413.176941","664179.632039","664946.393221","651063.317321","651829.828381","652596.156409","653362.849572","654129.517073","664189.626712","Mapping"
"Mixed","Both","tile","29","m150bluff.wav","space","373.534939659","120","662646.833145","654913.622306","655680.093791","656446.871358","657212.772417","657979.754658","658746.442565","659512.862418","663413.176941","664179.632039","664946.393221","665712.753094","651829.828381","652596.156409","653362.849572","654129.517073","664956.279683","Mapping"
"Mixed","Both","tile","29","m160priest.wav","None","729.543723864","120","662646.833145","654913.622306","655680.093791","656446.871358","657212.772417","657979.754658","658746.442565","659512.862418","663413.176941","664179.632039","664946.393221","665712.753094","666479.601771","652596.156409","653362.849572","654129.517073","665722.20362","Mapping"
"Mixed","Both","tile","29","m150dime.wav","None","731.26304138","120","662646.833145","654913.622306","655680.093791","656446.871358","657212.772417","657979.754658","658746.442565","659512.862418","663413.176941","664179.632039","664946.393221","665712.753094","666479.601771","667246.210221","653362.849572","654129.517073","666489.657042","Mapping"
"Mixed","Both","tile","29","m160tile.wav","None","734.48649107","120","662646.833145","654913.622306","655680.093791","656446.871358","657212.772417","657979.754658","658746.442565","659512.862418","663413.176941","664179.632039","664946.393221","665712.753094","666479.601771","667246.210221","668029.462751","654129.517073","667256.153571","Mapping"
"Mixed","Both","tile","29","m160priest.wav","space","410.895544628","120","662646.833145","654913.622306","655680.093791","656446.871358","657212.772417","657979.754658","658746.442565","659512.862418","663413.176941","664179.632039","664946.393221","665712.753094","666479.601771","667246.210221","668029.462751","668796.783228","668038.865665","Mapping"
"Mixed","Both","tile","29","m150tile.wav","None","719.113115396","120","662646.833145","669563.575018","655680.093791","656446.871358","657212.772417","657979.754658","658746.442565","659512.862418","663413.176941","664179.632039","664946.393221","665712.753094","666479.601771","667246.210221","668029.462751","668796.783228","668806.967425","Mapping"
"Mixed","Both","tile","29","m150park.wav","space","492.028717359","120","662646.833145","669563.575018","670329.451033","656446.871358","657212.772417","657979.754658","658746.442565","659512.862418","663413.176941","664179.632039","664946.393221","665712.753094","666479.601771","667246.210221","668029.462751","668796.783228","669573.728915","Mapping"
"Mixed","Both","tile","29","m160dime.wav","None","722.2558707","120","662646.833145","669563.575018","670329.451033","671096.320426","657212.772417","657979.754658","658746.442565","659512.862418","663413.176941","664179.632039","664946.393221","665712.753094","666479.601771","667246.210221","668029.462751","668796.783228","670338.933405","Mapping"
"Mixed","Both","tile","29","m160tile.wav","space","439.365228405","120","662646.833145","669563.575018","670329.451033","671096.320426","671863.336985","657979.754658","658746.442565","659512.862418","663413.176941","664179.632039","664946.393221","665712.753094","666479.601771","667246.210221","668029.462751","668796.783228","671106.357765","Mapping"
"Mixed","Both","tile","29","m160reek.wav","None","722.369955911","120","662646.833145","669563.575018","670329.451033","671096.320426","671863.336985","672629.502696","658746.442565","659512.862418","663413.176941","664179.632039","664946.393221","665712.753094","666479.601771","667246.210221","668029.462751","668796.783228","671873.696483","Mapping"
"Mixed","Both","tile","29","m160done.wav","space","218.228104408","120","662646.833145","669563.575018","670329.451033","671096.320426","671863.336985","672629.502696","673396.735368","659512.862418","663413.176941","664179.632039","664946.393221","665712.753094","666479.601771","667246.210221","668029.462751","668796.783228","672639.454394","Mapping"
"Mixed","Both","tile","29","m160romp.wav","None","724.771002424","120","662646.833145","669563.575018","670329.451033","671096.320426","671863.336985","672629.502696","673396.735368","674162.584486","663413.176941","664179.632039","664946.393221","665712.753094","666479.601771","667246.210221","668029.462751","668796.783228","673406.474972","Mapping"
"Mixed","Both","cave","13","m150done.wav","None","728.202526399","120","677296.514092","669563.575018","670329.451033","671096.320426","671863.336985","672629.502696","673396.735368","674162.584486","663413.176941","664179.632039","664946.393221","665712.753094","666479.601771","667246.210221","668029.462751","668796.783228","674172.37665","Mapping"
"Mixed","Both","cave","13","m160cave.wav","None","721.639686555","120","677296.514092","669563.575018","670329.451033","671096.320426","671863.336985","672629.502696","673396.735368","674162.584486","678062.910757","664179.632039","664946.393221","665712.753094","666479.601771","667246.210221","668029.462751","668796.783228","677306.528862","Mapping"
"Mixed","Both","cave","13","m160knife.wav","space","457.19097351","120","677296.514092","669563.575018","670329.451033","671096.320426","671863.336985","672629.502696","673396.735368","674162.584486","678062.910757","678829.739648","664946.393221","665712.753094","666479.601771","667246.210221","668029.462751","668796.783228","678072.42621","Mapping"
"Mixed","Both","cave","13","m160greet.wav","None","722.736327327","120","677296.514092","669563.575018","670329.451033","671096.320426","671863.336985","672629.502696","673396.735368","674162.584486","678062.910757","678829.739648","679595.80024","665712.753094","666479.601771","667246.210221","668029.462751","668796.783228","678840.256825","Mapping"
"Mixed","Both","cave","13","m150cave.wav","None","726.917598629","120","677296.514092","669563.575018","670329.451033","671096.320426","671863.336985","672629.502696","673396.735368","674162.584486","678062.910757","678829.739648","679595.80024","680362.870595","666479.601771","667246.210221","668029.462751","668796.783228","679605.154923","Mapping"
"Mixed","Both","cave","13","m150jaw.wav","space","373.227311356","120","677296.514092","669563.575018","670329.451033","671096.320426","671863.336985","672629.502696","673396.735368","674162.584486","678062.910757","678829.739648","679595.80024","680362.870595","681129.37609","667246.210221","668029.462751","668796.783228","680372.350803","Mapping"
"Mixed","Both","cave","13","m150knife.wav","None","728.167280497","120","677296.514092","669563.575018","670329.451033","671096.320426","671863.336985","672629.502696","673396.735368","674162.584486","678062.910757","678829.739648","679595.80024","680362.870595","681129.37609","681895.752349","668029.462751","668796.783228","681138.661826","Mapping"
"Mixed","Both","cave","13","m160tile.wav","None","730.867916835","120","677296.514092","669563.575018","670329.451033","671096.320426","671863.336985","672629.502696","673396.735368","674162.584486","678062.910757","678829.739648","679595.80024","680362.870595","681129.37609","681895.752349","682662.812502","668796.783228","681905.378796","Mapping"
"Mixed","Both","cave","13","m160cad.wav","None","732.971228601","120","677296.514092","669563.575018","670329.451033","671096.320426","671863.336985","672629.502696","673396.735368","674162.584486","678062.910757","678829.739648","679595.80024","680362.870595","681129.37609","681895.752349","682662.812502","683446.468814","682672.542212","Mapping"
"Mixed","Both","cave","13","m150tile.wav","None","718.272470869","120","677296.514092","684213.253801","670329.451033","671096.320426","671863.336985","672629.502696","673396.735368","674162.584486","678062.910757","678829.739648","679595.80024","680362.870595","681129.37609","681895.752349","682662.812502","683446.468814","683456.536761","Mapping"
"Mixed","Both","cave","13","m150cave.wav","None","720.483066048","120","677296.514092","684213.253801","684979.129199","671096.320426","671863.336985","672629.502696","673396.735368","674162.584486","678062.910757","678829.739648","679595.80024","680362.870595","681129.37609","681895.752349","682662.812502","683446.468814","684223.401206","Mapping"
"Mixed","Both","cave","13","m150park.wav","space","437.1700919","120","677296.514092","684213.253801","684979.129199","685746.277466","671863.336985","672629.502696","673396.735368","674162.584486","678062.910757","678829.739648","679595.80024","680362.870595","681129.37609","681895.752349","682662.812502","683446.468814","684988.310434","Mapping"
"Mixed","Both","cave","13","m150gnash.wav","None","722.18816157","120","677296.514092","684213.253801","684979.129199","685746.277466","686512.264784","672629.502696","673396.735368","674162.584486","678062.910757","678829.739648","679595.80024","680362.870595","681129.37609","681895.752349","682662.812502","683446.468814","685756.723842","Mapping"
"Mixed","Both","cave","13","m160cave.wav","None","727.125981997","120","677296.514092","684213.253801","684979.129199","685746.277466","686512.264784","687279.301749","673396.735368","674162.584486","678062.910757","678829.739648","679595.80024","680362.870595","681129.37609","681895.752349","682662.812502","683446.468814","686521.364398","Mapping"
"Mixed","Both","cave","13","m160cling.wav","space","585.020574043","120","677296.514092","684213.253801","684979.129199","685746.277466","686512.264784","687279.301749","688046.344278","674162.584486","678062.910757","678829.739648","679595.80024","680362.870595","681129.37609","681895.752349","682662.812502","683446.468814","687288.468762","Mapping"
"Mixed","Both","cave","13","m160gnash.wav","None","727.64323029","120","677296.514092","684213.253801","684979.129199","685746.277466","686512.264784","687279.301749","688046.344278","688812.720229","678062.910757","678829.739648","679595.80024","680362.870595","681129.37609","681895.752349","682662.812502","683446.468814","688055.75554","Mapping"
"Mixed","Both","ball","10","m160knife.wav","None","729.766638426","120","691946.335405","684213.253801","684979.129199","685746.277466","686512.264784","687279.301749","688046.344278","688812.720229","678062.910757","678829.739648","679595.80024","680362.870595","681129.37609","681895.752349","682662.812502","683446.468814","688822.73809","Mapping"
"Mixed","Both","ball","10","m150ball.wav","None","721.541987499","120","691946.335405","684213.253801","684979.129199","685746.277466","686512.264784","687279.301749","688046.344278","688812.720229","692712.672399","678829.739648","679595.80024","680362.870595","681129.37609","681895.752349","682662.812502","683446.468814","691956.332242","Mapping"
"Mixed","Both","ball","10","m150bluff.wav","space","470.805148245","120","691946.335405","684213.253801","684979.129199","685746.277466","686512.264784","687279.301749","688046.344278","688812.720229","692712.672399","693479.619703","679595.80024","680362.870595","681129.37609","681895.752349","682662.812502","683446.468814","692722.602455","Mapping"
"Mixed","Both","ball","10","m160knife.wav","None","723.363332509","120","691946.335405","684213.253801","684979.129199","685746.277466","686512.264784","687279.301749","688046.344278","688812.720229","692712.672399","693479.619703","694245.572703","680362.870595","681129.37609","681895.752349","682662.812502","683446.468814","693489.467209","Mapping"
"Mixed","Both","ball","10","m160ball.wav","None","727.34951484","120","691946.335405","684213.253801","684979.129199","685746.277466","686512.264784","687279.301749","688046.344278","688812.720229","692712.672399","693479.619703","694245.572703","695012.154254","681129.37609","681895.752349","682662.812502","683446.468814","694254.861841","Mapping"
"Mixed","Both","ball","10","m150depth.wav","space","467.966311146","120","691946.335405","684213.253801","684979.129199","685746.277466","686512.264784","687279.301749","688046.344278","688812.720229","692712.672399","693479.619703","694245.572703","695012.154254","695779.188436","681895.752349","682662.812502","683446.468814","695021.391451","Mapping"
"Mixed","Both","ball","10","m150tile.wav","None","729.140251584","120","691946.335405","684213.253801","684979.129199","685746.277466","686512.264784","687279.301749","688046.344278","688812.720229","692712.672399","693479.619703","694245.572703","695012.154254","695779.188436","696545.486475","682662.812502","683446.468814","695788.368126","Mapping"
"Mixed","Both","ball","10","m150cad.wav","None","731.518110028","120","691946.335405","684213.253801","684979.129199","685746.277466","686512.264784","687279.301749","688046.344278","688812.720229","692712.672399","693479.619703","694245.572703","695012.154254","695779.188436","696545.486475","697312.217666","683446.468814","696555.114158","Mapping"
"Mixed","Both","ball","10","m150ball.wav","None","734.531939728","120","691946.335405","684213.253801","684979.129199","685746.277466","686512.264784","687279.301749","688046.344278","688812.720229","692712.672399","693479.619703","694245.572703","695012.154254","695779.188436","696545.486475","697312.217666","698095.646117","697321.279561","Mapping"
"Mixed","Both","ball","10","m150depth.wav","space","344.167723262","120","691946.335405","698845.808974","684979.129199","685746.277466","686512.264784","687279.301749","688046.344278","688812.720229","692712.672399","693479.619703","694245.572703","695012.154254","695779.188436","696545.486475","697312.217666","698095.646117","698105.097262","Mapping"
"Mixed","Both","ball","10","m160ball.wav","None","735.585914401","120","691946.335405","698845.808974","699629.076654","685746.277466","686512.264784","687279.301749","688046.344278","688812.720229","692712.672399","693479.619703","694245.572703","695012.154254","695779.188436","696545.486475","697312.217666","698095.646117","698855.432329","Mapping"
"Mixed","Both","ball","10","m160romp.wav","space","466.925321787","120","691946.335405","698845.808974","699629.076654","700395.642747","686512.264784","687279.301749","688046.344278","688812.720229","692712.672399","693479.619703","694245.572703","695012.154254","695779.188436","696545.486475","697312.217666","698095.646117","699638.384961","Mapping"
"Mixed","Both","ball","10","m160park.wav","None","720.951155759","120","691946.335405","698845.808974","699629.076654","700395.642747","701162.330035","687279.301749","688046.344278","688812.720229","692712.672399","693479.619703","694245.572703","695012.154254","695779.188436","696545.486475","697312.217666","698095.646117","700405.055554","Mapping"
"Mixed","Both","ball","10","m160gnash.wav","None","723.793393758","120","691946.335405","698845.808974","699629.076654","700395.642747","701162.330035","701928.987643","688046.344278","688812.720229","692712.672399","693479.619703","694245.572703","695012.154254","695779.188436","696545.486475","697312.217666","698095.646117","701171.611753","Mapping"
"Mixed","Both","ball","10","m150jolt.wav","None","726.247618208","120","691946.335405","698845.808974","699629.076654","700395.642747","701162.330035","701928.987643","702695.430684","688812.720229","692712.672399","693479.619703","694245.572703","695012.154254","695779.188436","696545.486475","697312.217666","698095.646117","701938.506806","Mapping"
"Mixed","Both","ball","10","m160greet.wav","None","729.309988208","120","691946.335405","698845.808974","699629.076654","700395.642747","701162.330035","701928.987643","702695.430684","703462.077162","692712.672399","693479.619703","694245.572703","695012.154254","695779.188436","696545.486475","697312.217666","698095.646117","702704.770217","Mapping"
"Mixed","Both","done","48","m160jolt.wav","None","732.14233265","120","706596.083444","698845.808974","699629.076654","700395.642747","701162.330035","701928.987643","702695.430684","703462.077162","692712.672399","693479.619703","694245.572703","695012.154254","695779.188436","696545.486475","697312.217666","698095.646117","703471.120506","Mapping"
"Mixed","Both","done","48","m150romp.wav","None","722.365627531","120","706596.083444","698845.808974","699629.076654","700395.642747","701162.330035","701928.987643","702695.430684","703462.077162","707362.454447","693479.619703","694245.572703","695012.154254","695779.188436","696545.486475","697312.217666","698095.646117","706606.402749","Mapping"
"Mixed","Both","done","48","m150romp.wav","None","726.454455755","120","706596.083444","698845.808974","699629.076654","700395.642747","701162.330035","701928.987643","702695.430684","703462.077162","707362.454447","708129.052384","694245.572703","695012.154254","695779.188436","696545.486475","697312.217666","698095.646117","707372.018131","Mapping"
"Mixed","Both","done","48","m150done.wav","None","729.106242419","120","706596.083444","698845.808974","699629.076654","700395.642747","701162.330035","701928.987643","702695.430684","703462.077162","707362.454447","708129.052384","708895.633626","695012.154254","695779.188436","696545.486475","697312.217666","698095.646117","708138.625035","Mapping"
"Mixed","Both","done","48","m150romp.wav","space","511.430941464","120","706596.083444","698845.808974","699629.076654","700395.642747","701162.330035","701928.987643","702695.430684","703462.077162","707362.454447","708129.052384","708895.633626","709662.113768","695779.188436","696545.486475","697312.217666","698095.646117","708905.697863","Mapping"
"Mixed","Both","done","48","m160done.wav","None","731.069189147","120","706596.083444","698845.808974","699629.076654","700395.642747","701162.330035","701928.987643","702695.430684","703462.077162","707362.454447","708129.052384","708895.633626","709662.113768","710428.928127","696545.486475","697312.217666","698095.646117","709671.98168","Mapping"
"Mixed","Both","done","48","m160romp.wav","space","434.40298317","120","706596.083444","698845.808974","699629.076654","700395.642747","701162.330035","701928.987643","702695.430684","703462.077162","707362.454447","708129.052384","708895.633626","709662.113768","710428.928127","711195.300677","697312.217666","698095.646117","710438.742861","Mapping"
"Mixed","Both","done","48","m150done.wav","None","734.074052772","120","706596.083444","698845.808974","699629.076654","700395.642747","701162.330035","701928.987643","702695.430684","703462.077162","707362.454447","708129.052384","708895.633626","709662.113768","710428.928127","711195.300677","711979.213912","698095.646117","711204.465217","Mapping"
"Mixed","Both","done","48","m150park.wav","space","347.804538847","120","706596.083444","698845.808974","699629.076654","700395.642747","701162.330035","701928.987643","702695.430684","703462.077162","707362.454447","708129.052384","708895.633626","709662.113768","710428.928127","711195.300677","711979.213912","712728.381229","711989.311231","Mapping"
"Mixed","Both","done","48","m160tile.wav","None","735.999280238","120","706596.083444","713512.850978","699629.076654","700395.642747","701162.330035","701928.987643","702695.430684","703462.077162","707362.454447","708129.052384","708895.633626","709662.113768","710428.928127","711195.300677","711979.213912","712728.381229","712737.866383","Mapping"
"Mixed","Both","done","48","m160tile.wav","None","720.244383614","120","706596.083444","713512.850978","714278.581373","700395.642747","701162.330035","701928.987643","702695.430684","703462.077162","707362.454447","708129.052384","708895.633626","709662.113768","710428.928127","711195.300677","711979.213912","712728.381229","713523.034557","Mapping"
"Mixed","Both","done","48","m160lash.wav","None","725.66173313","120","706596.083444","713512.850978","714278.581373","715045.308236","701162.330035","701928.987643","702695.430684","703462.077162","707362.454447","708129.052384","708895.633626","709662.113768","710428.928127","711195.300677","711979.213912","712728.381229","714287.726126","Mapping"
"Mixed","Both","done","48","m150dime.wav","None","727.826879825","120","706596.083444","713512.850978","714278.581373","715045.308236","715812.006964","701928.987643","702695.430684","703462.077162","707362.454447","708129.052384","708895.633626","709662.113768","710428.928127","711195.300677","711979.213912","712728.381229","715054.882432","Mapping"
"Mixed","Both","done","48","m160cad.wav","space","427.912490093","120","706596.083444","713512.850978","714278.581373","715045.308236","715812.006964","716578.664263","702695.430684","703462.077162","707362.454447","708129.052384","708895.633626","709662.113768","710428.928127","711195.300677","711979.213912","712728.381229","715821.129147","Mapping"
"Mixed","Both","done","48","m160done.wav","None","730.044586002","120","706596.083444","713512.850978","714278.581373","715045.308236","715812.006964","716578.664263","717345.484496","703462.077162","707362.454447","708129.052384","708895.633626","709662.113768","710428.928127","711195.300677","711979.213912","712728.381229","716588.082635","Mapping"
"Mixed","Both","done","48","m150lash.wav","space","509.544360801","120","706596.083444","713512.850978","714278.581373","715045.308236","715812.006964","716578.664263","717345.484496","718112.301638","707362.454447","708129.052384","708895.633626","709662.113768","710428.928127","711195.300677","711979.213912","712728.381229","717355.475459","Mapping"
"Mixed","Both","tile","35","m160dime.wav","None","731.315600977","120","721245.916505","713512.850978","714278.581373","715045.308236","715812.006964","716578.664263","717345.484496","718112.301638","707362.454447","708129.052384","708895.633626","709662.113768","710428.928127","711195.300677","711979.213912","712728.381229","718121.838733","Mapping"
"Mixed","Both","tile","35","m150done.wav","space","0.038028403651","120","721245.916505","713512.850978","714278.581373","715045.308236","715812.006964","716578.664263","717345.484496","718112.301638","722012.575968","708129.052384","708895.633626","709662.113768","710428.928127","711195.300677","711979.213912","712728.381229","721256.153571","Mapping"
"Mixed","Both","tile","35","m160greet.wav","None","721.391110565","120","721245.916505","713512.850978","714278.581373","715045.308236","715812.006964","716578.664263","717345.484496","718112.301638","722012.575968","722778.730859","708895.633626","709662.113768","710428.928127","711195.300677","711979.213912","712728.381229","722023.279268","Mapping"
"Mixed","Both","tile","35","m160tile.wav","None","725.596497417","120","721245.916505","713512.850978","714278.581373","715045.308236","715812.006964","716578.664263","717345.484496","718112.301638","722012.575968","722778.730859","723545.425567","709662.113768","710428.928127","711195.300677","711979.213912","712728.381229","722788.558887","Mapping"
"Mixed","Both","tile","35","m150depth.wav","space","501.579416159","120","721245.916505","713512.850978","714278.581373","715045.308236","715812.006964","716578.664263","717345.484496","718112.301638","722012.575968","722778.730859","723545.425567","724311.727007","710428.928127","711195.300677","711979.213912","712728.381229","723555.378811","Mapping"
"Mixed","Both","tile","35","m150done.wav","None","728.691949102","120","721245.916505","713512.850978","714278.581373","715045.308236","715812.006964","716578.664263","717345.484496","718112.301638","722012.575968","722778.730859","723545.425567","724311.727007","725078.844975","711195.300677","711979.213912","712728.381229","724320.747781","Mapping"
"Mixed","Both","tile","35","m160tile.wav","None","730.614703149","120","721245.916505","713512.850978","714278.581373","715045.308236","715812.006964","716578.664263","717345.484496","718112.301638","722012.575968","722778.730859","723545.425567","724311.727007","725078.844975","725845.096019","711979.213912","712728.381229","725088.542841","Mapping"
"Mixed","Both","tile","35","m160ball.wav","space","466.274510138","120","721245.916505","713512.850978","714278.581373","715045.308236","715812.006964","716578.664263","717345.484496","718112.301638","722012.575968","722778.730859","723545.425567","724311.727007","725078.844975","725845.096019","726612.219552","712728.381229","725854.626312","Mapping"
"Mixed","Both","tile","35","m150tile.wav","None","732.443468296","120","721245.916505","713512.850978","714278.581373","715045.308236","715812.006964","716578.664263","717345.484496","718112.301638","722012.575968","722778.730859","723545.425567","724311.727007","725078.844975","725845.096019","726612.219552","727395.262463","726621.981726","Mapping"
"Mixed","Both","tile","35","m150greet.wav","space","428.401294455","120","721245.916505","728145.057094","714278.581373","715045.308236","715812.006964","716578.664263","717345.484496","718112.301638","722012.575968","722778.730859","723545.425567","724311.727007","725078.844975","725845.096019","726612.219552","727395.262463","727404.4842","Mapping"
"Mixed","Both","tile","35","m150tile.wav","None","736.35235714","120","721245.916505","728145.057094","728928.731029","715045.308236","715812.006964","716578.664263","717345.484496","718112.301638","722012.575968","722778.730859","723545.425567","724311.727007","725078.844975","725845.096019","726612.219552","727395.262463","728154.327681","Mapping"
"Mixed","Both","tile","35","m150bluff.wav","space","487.114394142","120","721245.916505","728145.057094","728928.731029","729695.176234","715812.006964","716578.664263","717345.484496","718112.301638","722012.575968","722778.730859","723545.425567","724311.727007","725078.844975","725845.096019","726612.219552","727395.262463","728937.740982","Mapping"
"Mixed","Both","tile","35","m150romp.wav","None","721.401622519","120","721245.916505","728145.057094","728928.731029","729695.176234","730462.591009","716578.664263","717345.484496","718112.301638","722012.575968","722778.730859","723545.425567","724311.727007","725078.844975","725845.096019","726612.219552","727395.262463","729704.713947","Mapping"
"Mixed","Both","tile","35","m160done.wav","None","722.825987788","120","721245.916505","728145.057094","728928.731029","729695.176234","730462.591009","731228.6111","717345.484496","718112.301638","722012.575968","722778.730859","723545.425567","724311.727007","725078.844975","725845.096019","726612.219552","727395.262463","730473.12179","Mapping"
"Mixed","Both","tile","35","m160cave.wav","None","727.18534345","120","721245.916505","728145.057094","728928.731029","729695.176234","730462.591009","731228.6111","731995.290041","718112.301638","722012.575968","722778.730859","723545.425567","724311.727007","725078.844975","725845.096019","726612.219552","727395.262463","731238.287324","Mapping"
"Mixed","Both","tile","35","m160knife.wav","None","730.078285967","120","721245.916505","728145.057094","728928.731029","729695.176234","730462.591009","731228.6111","731995.290041","732761.601374","722012.575968","722778.730859","723545.425567","724311.727007","725078.844975","725845.096019","726612.219552","727395.262463","732005.099828","Mapping"
"Mixed","Both","cave","18","m160tile.wav","None","733.915446443","120","735895.787595","728145.057094","728928.731029","729695.176234","730462.591009","731228.6111","731995.290041","732761.601374","722012.575968","722778.730859","723545.425567","724311.727007","725078.844975","725845.096019","726612.219552","727395.262463","732771.011707","Mapping"
"Mixed","Both","cave","18","m150cave.wav","None","721.723781957","120","735895.787595","728145.057094","728928.731029","729695.176234","730462.591009","731228.6111","731995.290041","732761.601374","736662.025035","722778.730859","723545.425567","724311.727007","725078.844975","725845.096019","726612.219552","727395.262463","735905.602328","Mapping"
"Mixed","Both","cave","18","m150knife.wav","space","184.839459776","120","735895.787595","728145.057094","728928.731029","729695.176234","730462.591009","731228.6111","731995.290041","732761.601374","736662.025035","737428.897519","723545.425567","724311.727007","725078.844975","725845.096019","726612.219552","727395.262463","736671.893256","Mapping"
"Mixed","Both","cave","18","m150tile.wav","None","723.139799607","120","735895.787595","728145.057094","728928.731029","729695.176234","730462.591009","731228.6111","731995.290041","732761.601374","736662.025035","737428.897519","738195.017782","724311.727007","725078.844975","725845.096019","726612.219552","727395.262463","737439.34575","Mapping"
"Mixed","Both","cave","18","m160knife.wav","None","727.480604721","120","735895.787595","728145.057094","728928.731029","729695.176234","730462.591009","731228.6111","731995.290041","732761.601374","736662.025035","737428.897519","738195.017782","738961.505963","725078.844975","725845.096019","726612.219552","727395.262463","738204.503554","Mapping"
"Mixed","Both","cave","18","m160reek.wav","None","731.113091868","120","735895.787595","728145.057094","728928.731029","729695.176234","730462.591009","731228.6111","731995.290041","732761.601374","736662.025035","737428.897519","738195.017782","738961.505963","739728.532106","725845.096019","726612.219552","727395.262463","738970.72399","Mapping"
"Mixed","Both","cave","18","m160cave.wav","None","733.881128137","120","735895.787595","728145.057094","728928.731029","729695.176234","730462.591009","731228.6111","731995.290041","732761.601374","736662.025035","737428.897519","738195.017782","738961.505963","739728.532106","740511.726512","726612.219552","727395.262463","739737.711487","Mapping"
"Mixed","Both","cave","18","m150bluff.wav","space","535.678233777","120","735895.787595","728145.057094","728928.731029","729695.176234","730462.591009","731228.6111","731995.290041","732761.601374","736662.025035","737428.897519","738195.017782","738961.505963","739728.532106","740511.726512","741262.217403","727395.262463","740521.042238","Mapping"
"Mixed","Both","cave","18","m150depth.wav","None","735.490070365","120","735895.787595","728145.057094","728928.731029","729695.176234","730462.591009","731228.6111","731995.290041","732761.601374","736662.025035","737428.897519","738195.017782","738961.505963","739728.532106","740511.726512","741262.217403","742045.408099","741271.932274","Mapping"
"Mixed","Both","cave","18","m160park.wav","None","720.602716494","120","735895.787595","742811.466218","728928.731029","729695.176234","730462.591009","731228.6111","731995.290041","732761.601374","736662.025035","737428.897519","738195.017782","738961.505963","739728.532106","740511.726512","741262.217403","742045.408099","742056.203224","Mapping"
"Mixed","Both","cave","18","m160reek.wav","None","725.956376176","120","735895.787595","742811.466218","743578.494217","729695.176234","730462.591009","731228.6111","731995.290041","732761.601374","736662.025035","737428.897519","738195.017782","738961.505963","739728.532106","740511.726512","741262.217403","742045.408099","742820.341681","Mapping"
"Mixed","Both","cave","18","m160cave.wav","None","727.501628571","120","735895.787595","742811.466218","743578.494217","744345.2285","730462.591009","731228.6111","731995.290041","732761.601374","736662.025035","737428.897519","738195.017782","738961.505963","739728.532106","740511.726512","741262.217403","742045.408099","743588.215271","Mapping"
"Mixed","Both","cave","18","m150romp.wav","space","477.61718242","120","735895.787595","742811.466218","743578.494217","744345.2285","745111.714825","731228.6111","731995.290041","732761.601374","736662.025035","737428.897519","738195.017782","738961.505963","739728.532106","740511.726512","741262.217403","742045.408099","744355.020355","Mapping"
"Mixed","Both","cave","18","m150cave.wav","None","729.694600857","120","735895.787595","742811.466218","743578.494217","744345.2285","745111.714825","745878.17518","731995.290041","732761.601374","736662.025035","737428.897519","738195.017782","738961.505963","739728.532106","740511.726512","741262.217403","742045.408099","745121.191322","Mapping"
"Mixed","Both","cave","18","m150tile.wav","None","732.650614926","120","735895.787595","742811.466218","743578.494217","744345.2285","745111.714825","745878.17518","746644.870507","732761.601374","736662.025035","737428.897519","738195.017782","738961.505963","739728.532106","740511.726512","741262.217403","742045.408099","745887.738864","Mapping"
"Mixed","Both","cave","18","m160gnash.wav","space","194.24732012","120","735895.787595","742811.466218","743578.494217","744345.2285","745111.714825","745878.17518","746644.870507","747411.38033","736662.025035","737428.897519","738195.017782","738961.505963","739728.532106","740511.726512","741262.217403","742045.408099","746654.33742","Mapping"
"Mixed","Both","ball","4","m160gnash.wav","None","735.311986122","120","750562.229183","742811.466218","743578.494217","744345.2285","745111.714825","745878.17518","746644.870507","747411.38033","736662.025035","737428.897519","738195.017782","738961.505963","739728.532106","740511.726512","741262.217403","742045.408099","747420.660501","Mapping"
"Mixed","Both","ball","4","m160greet.wav","None","721.699666406","120","750562.229183","742811.466218","743578.494217","744345.2285","745111.714825","745878.17518","746644.870507","747411.38033","751328.324712","737428.897519","738195.017782","738961.505963","739728.532106","740511.726512","741262.217403","742045.408099","750572.286927","Mapping"
"Mixed","Both","ball","4","m150park.wav","None","725.221159984","120","750562.229183","742811.466218","743578.494217","744345.2285","745111.714825","745878.17518","746644.870507","747411.38033","751328.324712","752095.165969","738195.017782","738961.505963","739728.532106","740511.726512","741262.217403","742045.408099","751338.323095","Mapping"
"Mixed","Both","ball","4","m160ball.wav","None","728.438735416","120","750562.229183","742811.466218","743578.494217","744345.2285","745111.714825","745878.17518","746644.870507","747411.38033","751328.324712","752095.165969","752861.810592","738961.505963","739728.532106","740511.726512","741262.217403","742045.408099","752104.814058","Mapping"
"Mixed","Both","ball","4","m160cave.wav","space","353.131609561","120","750562.229183","742811.466218","743578.494217","744345.2285","745111.714825","745878.17518","746644.870507","747411.38033","751328.324712","752095.165969","752861.810592","753628.428007","739728.532106","740511.726512","741262.217403","742045.408099","752871.345523","Mapping"
"Mixed","Both","ball","4","m160ball.wav","None","730.504018778","120","750562.229183","742811.466218","743578.494217","744345.2285","745111.714825","745878.17518","746644.870507","747411.38033","751328.324712","752095.165969","752861.810592","753628.428007","754394.924535","740511.726512","741262.217403","742045.408099","753638.101757","Mapping"
"Mixed","Both","ball","4","m160jolt.wav","space","427.570234344","120","750562.229183","742811.466218","743578.494217","744345.2285","745111.714825","745878.17518","746644.870507","747411.38033","751328.324712","752095.165969","752861.810592","753628.428007","754394.924535","755161.342533","741262.217403","742045.408099","754404.895402","Mapping"
"Mixed","Both","ball","4","m150jaw.wav","None","733.977281256","120","750562.229183","742811.466218","743578.494217","744345.2285","745111.714825","745878.17518","746644.870507","747411.38033","751328.324712","752095.165969","752861.810592","753628.428007","754394.924535","755161.342533","755928.40114","742045.408099","755170.465335","Mapping"
"Mixed","Both","ball","4","m160dime.wav","None","736.320203054","120","750562.229183","742811.466218","743578.494217","744345.2285","745111.714825","745878.17518","746644.870507","747411.38033","751328.324712","752095.165969","752861.810592","753628.428007","754394.924535","755161.342533","755928.40114","756711.499702","755937.755204","Mapping"
"Mixed","Both","ball","4","m150ball.wav","None","723.032825335","120","750562.229183","757478.245115","743578.494217","744345.2285","745111.714825","745878.17518","746644.870507","747411.38033","751328.324712","752095.165969","752861.810592","753628.428007","754394.924535","755161.342533","755928.40114","756711.499702","756720.984856","Mapping"
"Mixed","Both","ball","4","m150depth.wav","space","376.940183749","120","750562.229183","757478.245115","758245.00104","744345.2285","745111.714825","745878.17518","746644.870507","747411.38033","751328.324712","752095.165969","752861.810592","753628.428007","754394.924535","755161.342533","755928.40114","756711.499702","757487.483857","Mapping"
"Mixed","Both","ball","4","m150gnash.wav","space","201.663480606","120","750562.229183","757478.245115","758245.00104","759012.134467","745111.714825","745878.17518","746644.870507","747411.38033","751328.324712","752095.165969","752861.810592","753628.428007","754394.924535","755161.342533","755928.40114","756711.499702","758254.780219","Mapping"
"Mixed","Both","ball","4","m160gnash.wav","None","723.044573911","120","750562.229183","757478.245115","758245.00104","759012.134467","759778.197533","745878.17518","746644.870507","747411.38033","751328.324712","752095.165969","752861.810592","753628.428007","754394.924535","755161.342533","755928.40114","756711.499702","759021.921994","Mapping"
"Mixed","Both","ball","4","m150ball.wav","None","726.605951029","120","750562.229183","757478.245115","758245.00104","759012.134467","759778.197533","760544.57843","746644.870507","747411.38033","751328.324712","752095.165969","752861.810592","753628.428007","754394.924535","755161.342533","755928.40114","756711.499702","759788.05586","Mapping"
"Mixed","Both","ball","4","m150jaw.wav","space","534.459160117","120","750562.229183","757478.245115","758245.00104","759012.134467","759778.197533","760544.57843","761311.636728","747411.38033","751328.324712","752095.165969","752861.810592","753628.428007","754394.924535","755161.342533","755928.40114","756711.499702","760553.942388","Mapping"
"Mixed","Both","ball","4","m150romp.wav","None","728.346601536","120","750562.229183","757478.245115","758245.00104","759012.134467","759778.197533","760544.57843","761311.636728","762078.248578","751328.324712","752095.165969","752861.810592","753628.428007","754394.924535","755161.342533","755928.40114","756711.499702","761321.613469","Mapping"
"Mixed","Both","tile","28","m160romp.wav","None","732.05607303","120","765212.176639","757478.245115","758245.00104","759012.134467","759778.197533","760544.57843","761311.636728","762078.248578","751328.324712","752095.165969","752861.810592","753628.428007","754394.924535","755161.342533","755928.40114","756711.499702","762087.589966","Mapping"
"Mixed","Both","tile","28","m150tile.wav","None","721.474587568","120","765212.176639","757478.245115","758245.00104","759012.134467","759778.197533","760544.57843","761311.636728","762078.248578","765978.103359","752095.165969","752861.810592","753628.428007","754394.924535","755161.342533","755928.40114","756711.499702","765222.267774","Mapping"
"Mixed","Both","tile","28","m160jolt.wav","None","725.785402814","120","765212.176639","757478.245115","758245.00104","759012.134467","759778.197533","760544.57843","761311.636728","762078.248578","765978.103359","766744.901332","752861.810592","753628.428007","754394.924535","755161.342533","755928.40114","756711.499702","765987.649111","Mapping"
"Mixed","Both","tile","28","m150cad.wav","space","85.2529183612","120","765212.176639","757478.245115","758245.00104","759012.134467","759778.197533","760544.57843","761311.636728","762078.248578","765978.103359","766744.901332","767511.249147","753628.428007","754394.924535","755161.342533","755928.40114","756711.499702","766755.065741","Mapping"
"Mixed","Both","tile","28","m160tile.wav","None","728.560240881","120","765212.176639","757478.245115","758245.00104","759012.134467","759778.197533","760544.57843","761311.636728","762078.248578","765978.103359","766744.901332","767511.249147","768278.13307","754394.924535","755161.342533","755928.40114","756711.499702","767520.319698","Mapping"
"Mixed","Both","tile","28","m150jolt.wav","space","464.608061477","120","765212.176639","757478.245115","758245.00104","759012.134467","759778.197533","760544.57843","761311.636728","762078.248578","765978.103359","766744.901332","767511.249147","768278.13307","769044.742447","755161.342533","755928.40114","756711.499702","768287.653779","Mapping"
"Mixed","Both","tile","28","m160depth.wav","None","730.155579513","120","765212.176639","757478.245115","758245.00104","759012.134467","759778.197533","760544.57843","761311.636728","762078.248578","765978.103359","766744.901332","767511.249147","768278.13307","769044.742447","769811.034611","755928.40114","756711.499702","769054.278306","Mapping"
"Mixed","Both","tile","28","m160gnash.wav","None","734.337778296","120","765212.176639","757478.245115","758245.00104","759012.134467","759778.197533","760544.57843","761311.636728","762078.248578","765978.103359","766744.901332","767511.249147","768278.13307","769044.742447","769811.034611","770594.610229","756711.499702","769820.105472","Mapping"
"Mixed","Both","tile","28","m160gnash.wav","None","720.194297435","120","765212.176639","757478.245115","758245.00104","759012.134467","759778.197533","760544.57843","761311.636728","762078.248578","765978.103359","766744.901332","767511.249147","768278.13307","769044.742447","769811.034611","770594.610229","771361.155916","770604.069721","Mapping"
"Mixed","Both","tile","28","m160tile.wav","None","723.739597423","120","765212.176639","772128.111567","758245.00104","759012.134467","759778.197533","760544.57843","761311.636728","762078.248578","765978.103359","766744.901332","767511.249147","768278.13307","769044.742447","769811.034611","770594.610229","771361.155916","771370.608606","Mapping"
"Mixed","Both","tile","28","m150ball.wav","space","374.07815858","120","765212.176639","772128.111567","772894.36694","759012.134467","759778.197533","760544.57843","761311.636728","762078.248578","765978.103359","766744.901332","767511.249147","768278.13307","769044.742447","769811.034611","770594.610229","771361.155916","772138.134993","Mapping"
"Mixed","Both","tile","28","m150greet.wav","None","726.556173991","120","765212.176639","772128.111567","772894.36694","773661.00878","759778.197533","760544.57843","761311.636728","762078.248578","765978.103359","766744.901332","767511.249147","768278.13307","769044.742447","769811.034611","770594.610229","771361.155916","772903.425124","Mapping"
"Mixed","Both","tile","28","m150lash.wav","None","729.414798203","120","765212.176639","772128.111567","772894.36694","773661.00878","774427.651547","760544.57843","761311.636728","762078.248578","765978.103359","766744.901332","767511.249147","768278.13307","769044.742447","769811.034611","770594.610229","771361.155916","773670.189706","Mapping"
"Mixed","Both","tile","28","m150park.wav","None","732.829317625","120","765212.176639","772128.111567","772894.36694","773661.00878","774427.651547","775194.702115","761311.636728","762078.248578","765978.103359","766744.901332","767511.249147","768278.13307","769044.742447","769811.034611","770594.610229","771361.155916","774437.206574","Mapping"
"Mixed","Both","tile","28","m150tile.wav","None","735.357125523","120","765212.176639","772128.111567","772894.36694","773661.00878","774427.651547","775194.702115","775977.875497","762078.248578","765978.103359","766744.901332","767511.249147","768278.13307","769044.742447","769811.034611","770594.610229","771361.155916","775204.59878","Mapping"
"Mixed","Both","tile","28","m160depth.wav","space","404.849334795","120","765212.176639","772128.111567","772894.36694","773661.00878","774427.651547","775194.702115","775977.875497","776744.944925","765978.103359","766744.901332","767511.249147","768278.13307","769044.742447","769811.034611","770594.610229","771361.155916","775987.32386","Mapping"
"Mixed","Both","done","40","m150tile.wav","None","720.941571344","120","779878.204551","772128.111567","772894.36694","773661.00878","774427.651547","775194.702115","775977.875497","776744.944925","765978.103359","766744.901332","767511.249147","768278.13307","769044.742447","769811.034611","770594.610229","771361.155916","776754.95753","Mapping"
"Mixed","Both","done","40","m160done.wav","None","721.283827152","120","779878.204551","772128.111567","772894.36694","773661.00878","774427.651547","775194.702115","775977.875497","776744.944925","780644.572463","766744.901332","767511.249147","768278.13307","769044.742447","769811.034611","770594.610229","771361.155916","779888.435743","Mapping"
"Mixed","Both","done","40","m150bluff.wav","space","561.655355559","120","779878.204551","772128.111567","772894.36694","773661.00878","774427.651547","775194.702115","775977.875497","776744.944925","780644.572463","781410.927699","767511.249147","768278.13307","769044.742447","769811.034611","770594.610229","771361.155916","780654.435737","Mapping"
"Mixed","Both","done","40","m160cling.wav","None","725.079249067","120","779878.204551","772128.111567","772894.36694","773661.00878","774427.651547","775194.702115","775977.875497","776744.944925","780644.572463","781410.927699","782177.900973","768278.13307","769044.742447","769811.034611","770594.610229","771361.155916","781419.975371","Mapping"
"Mixed","Both","done","40","m150done.wav","None","726.33325943","120","779878.204551","772128.111567","772894.36694","773661.00878","774427.651547","775194.702115","775977.875497","776744.944925","780644.572463","781410.927699","782177.900973","782944.233639","769044.742447","769811.034611","770594.610229","771361.155916","782188.476275","Mapping"
"Mixed","Both","done","40","m150jaw.wav","space","462.316771795","120","779878.204551","772128.111567","772894.36694","773661.00878","774427.651547","775194.702115","775977.875497","776744.944925","780644.572463","781410.927699","782177.900973","782944.233639","783710.797567","769811.034611","770594.610229","771361.155916","782953.743836","Mapping"
"Mixed","Both","done","40","m150greet.wav","None","730.281104217","120","779878.204551","772128.111567","772894.36694","773661.00878","774427.651547","775194.702115","775977.875497","776744.944925","780644.572463","781410.927699","782177.900973","782944.233639","783710.797567","784477.836387","770594.610229","771361.155916","783720.227379","Mapping"
"Mixed","Both","done","40","m150cave.wav","None","733.316266909","120","779878.204551","772128.111567","772894.36694","773661.00878","774427.651547","775194.702115","775977.875497","776744.944925","780644.572463","781410.927699","782177.900973","782944.233639","783710.797567","784477.836387","785261.801564","771361.155916","784487.631952","Mapping"
"Mixed","Both","done","40","m160romp.wav","None","718.907205388","120","779878.204551","772128.111567","772894.36694","773661.00878","774427.651547","775194.702115","775977.875497","776744.944925","780644.572463","781410.927699","782177.900973","782944.233639","783710.797567","784477.836387","785261.801564","786027.842988","785271.995345","Mapping"
"Mixed","Both","done","40","m150done.wav","None","723.11661148","120","779878.204551","786794.280154","772894.36694","773661.00878","774427.651547","775194.702115","775977.875497","776744.944925","780644.572463","781410.927699","782177.900973","782944.233639","783710.797567","784477.836387","785261.801564","786027.842988","786037.963495","Mapping"
"Mixed","Both","done","40","m150cad.wav","space","468.349068717","120","779878.204551","786794.280154","787561.27167","773661.00878","774427.651547","775194.702115","775977.875497","776744.944925","780644.572463","781410.927699","782177.900973","782944.233639","783710.797567","784477.836387","785261.801564","786027.842988","786803.657097","Mapping"
"Mixed","Both","done","40","m160reek.wav","None","725.7238772","120","779878.204551","786794.280154","787561.27167","788327.826942","774427.651547","775194.702115","775977.875497","776744.944925","780644.572463","781410.927699","782177.900973","782944.233639","783710.797567","784477.836387","785261.801564","786027.842988","787571.223368","Mapping"
"Mixed","Both","done","40","m160priest.wav","None","728.891057253","120","779878.204551","786794.280154","787561.27167","788327.826942","789094.461671","775194.702115","775977.875497","776744.944925","780644.572463","781410.927699","782177.900973","782944.233639","783710.797567","784477.836387","785261.801564","786027.842988","788337.727316","Mapping"
"Mixed","Both","done","40","m160jolt.wav","None","732.38998116","120","779878.204551","786794.280154","787561.27167","788327.826942","789094.461671","789861.544393","775977.875497","776744.944925","780644.572463","781410.927699","782177.900973","782944.233639","783710.797567","784477.836387","785261.801564","786027.842988","789104.52498","Mapping"
"Mixed","Both","done","40","m160done.wav","None","735.264064104","120","779878.204551","786794.280154","787561.27167","788327.826942","789094.461671","789861.544393","790644.919357","776744.944925","780644.572463","781410.927699","782177.900973","782944.233639","783710.797567","784477.836387","785261.801564","786027.842988","789871.497946","Mapping"
"Mixed","Both","done","40","m160bluff.wav","space","424.58855873","120","779878.204551","786794.280154","787561.27167","788327.826942","789094.461671","789861.544393","790644.919357","791412.044436","780644.572463","781410.927699","782177.900973","782944.233639","783710.797567","784477.836387","785261.801564","786027.842988","790655.362023","Mapping"
"Mixed","Both","tile","26","m150park.wav","None","662.890413543","120","794544.75064","786794.280154","787561.27167","788327.826942","789094.461671","789861.544393","790644.919357","791412.044436","780644.572463","781410.927699","782177.900973","782944.233639","783710.797567","784477.836387","785261.801564","786027.842988","791479.294761","Mapping"
"Mixed","Both","tile","26","m160tile.wav","space","0.034318305552","120","794544.75064","786794.280154","787561.27167","788327.826942","789094.461671","789861.544393","790644.919357","791412.044436","795311.573038","781410.927699","782177.900973","782944.233639","783710.797567","784477.836387","785261.801564","786027.842988","794554.306904","Mapping"
"Mixed","Both","tile","26","m160done.wav","space","565.771700232","120","794544.75064","786794.280154","787561.27167","788327.826942","789094.461671","789861.544393","790644.919357","791412.044436","795311.573038","796078.225699","782177.900973","782944.233639","783710.797567","784477.836387","785261.801564","786027.842988","795322.110002","Mapping"
"Mixed","Both","tile","26","m150jolt.wav","None","720.417211938","120","794544.75064","786794.280154","787561.27167","788327.826942","789094.461671","789861.544393","790644.919357","791412.044436","795311.573038","796078.225699","796844.342561","782944.233639","783710.797567","784477.836387","785261.801564","786027.842988","796087.786291","Mapping"
"Mixed","Both","tile","26","m150tile.wav","None","725.394606707","120","794544.75064","786794.280154","787561.27167","788327.826942","789094.461671","789861.544393","790644.919357","791412.044436","795311.573038","796078.225699","796844.342561","797611.114254","783710.797567","784477.836387","785261.801564","786027.842988","796853.734035","Mapping"
"Mixed","Both","tile","26","m160lash.wav","space","419.304463314","120","794544.75064","786794.280154","787561.27167","788327.826942","789094.461671","789861.544393","790644.919357","791412.044436","795311.573038","796078.225699","796844.342561","797611.114254","798377.301918","784477.836387","785261.801564","786027.842988","797620.564781","Mapping"
"Mixed","Both","tile","26","m160tile.wav","None","728.366388706","120","794544.75064","786794.280154","787561.27167","788327.826942","789094.461671","789861.544393","790644.919357","791412.044436","795311.573038","796078.225699","796844.342561","797611.114254","798377.301918","799144.363307","785261.801564","786027.842988","798386.252819","Mapping"
"Mixed","Both","tile","26","m160cad.wav","space","414.099207148","120","794544.75064","786794.280154","787561.27167","788327.826942","789094.461671","789861.544393","790644.919357","791412.044436","795311.573038","796078.225699","796844.342561","797611.114254","798377.301918","799144.363307","799911.123251","786027.842988","799153.717371","Mapping"
"Mixed","Both","tile","26","m150romp.wav","None","729.573095392","120","794544.75064","786794.280154","787561.27167","788327.826942","789094.461671","789861.544393","790644.919357","791412.044436","795311.573038","796078.225699","796844.342561","797611.114254","798377.301918","799144.363307","799911.123251","800677.328537","799920.71136","Mapping"
"Mixed","Both","tile","26","m160cling.wav","None","734.117646294","120","794544.75064","801461.44521","787561.27167","788327.826942","789094.461671","789861.544393","790644.919357","791412.044436","795311.573038","796078.225699","796844.342561","797611.114254","798377.301918","799144.363307","799911.123251","800677.328537","800686.479165","Mapping"
"Mixed","Both","tile","26","m160done.wav","None","719.133830047","120","794544.75064","801461.44521","802227.272376","788327.826942","789094.461671","789861.544393","790644.919357","791412.044436","795311.573038","796078.225699","796844.342561","797611.114254","798377.301918","799144.363307","799911.123251","800677.328537","801471.616112","Mapping"
"Mixed","Both","tile","26","m150gnash.wav","None","724.847368489","120","794544.75064","801461.44521","802227.272376","802994.265438","789094.461671","789861.544393","790644.919357","791412.044436","795311.573038","796078.225699","796844.342561","797611.114254","798377.301918","799144.363307","799911.123251","800677.328537","802236.458868","Mapping"
"Mixed","Both","tile","26","m150lash.wav","None","733.440864075","120","794544.75064","801461.44521","802227.272376","802994.265438","803760.598413","789861.544393","790644.919357","791412.044436","795311.573038","796078.225699","796844.342561","797611.114254","798377.301918","799144.363307","799911.123251","800677.328537","802997.857732","Mapping"
"Mixed","Both","tile","26","m150dime.wav","None","731.993001536","120","794544.75064","801461.44521","802227.272376","802994.265438","803760.598413","804527.42081","790644.919357","791412.044436","795311.573038","796078.225699","796844.342561","797611.114254","798377.301918","799144.363307","799911.123251","800677.328537","803769.616095","Mapping"
"Mixed","Both","tile","26","m150tile.wav","space","574.548536155","120","794544.75064","801461.44521","802227.272376","802994.265438","803760.598413","804527.42081","805294.327613","791412.044436","795311.573038","796078.225699","796844.342561","797611.114254","798377.301918","799144.363307","799911.123251","800677.328537","804537.176183","Mapping"
"Mixed","Both","tile","26","m160priest.wav","space","533.965099836","120","794544.75064","801461.44521","802227.272376","802994.265438","803760.598413","804527.42081","805294.327613","806060.690268","795311.573038","796078.225699","796844.342561","797611.114254","798377.301918","799144.363307","799911.123251","800677.328537","805297.726983","Mapping"
"Mixed","Both","ball","9","m160park.wav","None","733.460342104","120","809211.413288","801461.44521","802227.272376","802994.265438","803760.598413","804527.42081","805294.327613","806060.690268","795311.573038","796078.225699","796844.342561","797611.114254","798377.301918","799144.363307","799911.123251","800677.328537","806069.560784","Mapping"
"Mixed","Both","ball","9","m160ball.wav","None","721.803858061","120","809211.413288","801461.44521","802227.272376","802994.265438","803760.598413","804527.42081","805294.327613","806060.690268","809977.435233","796078.225699","796844.342561","797611.114254","798377.301918","799144.363307","799911.123251","800677.328537","809221.234205","Mapping"
"Mixed","Both","ball","9","m150reek.wav","space","380.725712108","120","809211.413288","801461.44521","802227.272376","802994.265438","803760.598413","804527.42081","805294.327613","806060.690268","809977.435233","810743.886931","796844.342561","797611.114254","798377.301918","799144.363307","799911.123251","800677.328537","809986.922552","Mapping"
"Mixed","Both","ball","9","m150ball.wav","None","725.651839632","120","809211.413288","801461.44521","802227.272376","802994.265438","803760.598413","804527.42081","805294.327613","806060.690268","809977.435233","810743.886931","811510.429836","797611.114254","798377.301918","799144.363307","799911.123251","800677.328537","810753.054563","Mapping"
"Mixed","Both","ball","9","m160done.wav","space","424.389450578","120","809211.413288","801461.44521","802227.272376","802994.265438","803760.598413","804527.42081","805294.327613","806060.690268","809977.435233","810743.886931","811510.429836","812277.08126","798377.301918","799144.363307","799911.123251","800677.328537","811519.24841","Mapping"
"Mixed","Both","ball","9","m160ball.wav","None","728.739561862","120","809211.413288","801461.44521","802227.272376","802994.265438","803760.598413","804527.42081","805294.327613","806060.690268","809977.435233","810743.886931","811510.429836","812277.08126","813043.87274","799144.363307","799911.123251","800677.328537","812285.908182","Mapping"
"Mixed","Both","ball","9","m160park.wav","space","434.707828914","120","809211.413288","801461.44521","802227.272376","802994.265438","803760.598413","804527.42081","805294.327613","806060.690268","809977.435233","810743.886931","811510.429836","812277.08126","813043.87274","813810.542715","799911.123251","800677.328537","813052.895988","Mapping"
"Mixed","Both","ball","9","m150ball.wav","None","730.088797922","120","809211.413288","801461.44521","802227.272376","802994.265438","803760.598413","804527.42081","805294.327613","806060.690268","809977.435233","810743.886931","811510.429836","812277.08126","813043.87274","813810.542715","814577.074489","800677.328537","813820.064042","Mapping"
"Mixed","Both","ball","9","m150knife.wav","space","365.396548295","120","809211.413288","801461.44521","802227.272376","802994.265438","803760.598413","804527.42081","805294.327613","806060.690268","809977.435233","810743.886931","811510.429836","812277.08126","813043.87274","813810.542715","814577.074489","815343.869061","814586.190798","Mapping"
"Mixed","Both","ball","9","m160priest.wav","None","732.7538791","120","809211.413288","816110.372082","802227.272376","802994.265438","803760.598413","804527.42081","805294.327613","806060.690268","809977.435233","810743.886931","811510.429836","812277.08126","813043.87274","813810.542715","814577.074489","815343.869061","815353.134083","Mapping"
"Mixed","Both","ball","9","m160greet.wav","None","736.610826687","120","809211.413288","816110.372082","816894.174324","802994.265438","803760.598413","804527.42081","805294.327613","806060.690268","809977.435233","810743.886931","811510.429836","812277.08126","813043.87274","813810.542715","814577.074489","815343.869061","816119.24538","Mapping"
"Mixed","Both","ball","9","m150park.wav","None","722.586687014","120","809211.413288","816110.372082","816894.174324","817660.835642","803760.598413","804527.42081","805294.327613","806060.690268","809977.435233","810743.886931","811510.429836","812277.08126","813043.87274","813810.542715","814577.074489","815343.869061","816903.451713","Mapping"
"Mixed","Both","ball","9","m150tile.wav","None","725.353795686","120","809211.413288","816110.372082","816894.174324","817660.835642","818426.975692","804527.42081","805294.327613","806060.690268","809977.435233","810743.886931","811510.429836","812277.08126","813043.87274","813810.542715","814577.074489","815343.869061","817670.738799","Mapping"
"Mixed","Both","ball","9","m160cave.wav","None","730.738991173","120","809211.413288","816110.372082","816894.174324","817660.835642","818426.975692","819194.061816","805294.327613","806060.690268","809977.435233","810743.886931","811510.429836","812277.08126","813043.87274","813810.542715","814577.074489","815343.869061","818435.739852","Mapping"
"Mixed","Both","ball","9","m150greet.wav","None","733.115612878","120","809211.413288","816110.372082","816894.174324","817660.835642","818426.975692","819194.061816","819977.153885","806060.690268","809977.435233","810743.886931","811510.429836","812277.08126","813043.87274","813810.542715","814577.074489","815343.869061","819203.512033","Mapping"
"Mixed","Both","ball","9","m150done.wav","None","721.366994956","120","809211.413288","816110.372082","816894.174324","817660.835642","818426.975692","819194.061816","819977.153885","820743.694934","809977.435233","810743.886931","811510.429836","812277.08126","813043.87274","813810.542715","814577.074489","815343.869061","819986.029657","Mapping"
"Blocked","m160","ball","5","m160romp.wav","None","730.239674915","120","825711.160847","816110.372082","816894.174324","817660.835642","818426.975692","819194.061816","819977.153885","820743.694934","809977.435233","810743.886931","811510.429836","812277.08126","813043.87274","813810.542715","814577.074489","815343.869061","820747.405952","Mapping"
"Blocked","m160","ball","5","m160depth.wav","space","0.0392651418224","120","825711.160847","816110.372082","816894.174324","817660.835642","818426.975692","819194.061816","819977.153885","820743.694934","826477.057268","810743.886931","811510.429836","812277.08126","813043.87274","813810.542715","814577.074489","815343.869061","825720.952083","Mapping"
"Blocked","m160","ball","5","m160ball.wav","None","722.510321008","120","825711.160847","816110.372082","816894.174324","817660.835642","818426.975692","819194.061816","819977.153885","820743.694934","826477.057268","827243.928206","811510.429836","812277.08126","813043.87274","813810.542715","814577.074489","815343.869061","826486.058874","Mapping"
"Blocked","m160","ball","5","m160lash.wav","space","458.113549161","120","825711.160847","816110.372082","816894.174324","817660.835642","818426.975692","819194.061816","819977.153885","820743.694934","826477.057268","827243.928206","828010.967026","812277.08126","813043.87274","813810.542715","814577.074489","815343.869061","827253.287217","Mapping"
"Blocked","m160","ball","5","m160ball.wav","None","723.274599528","120","825711.160847","816110.372082","816894.174324","817660.835642","818426.975692","819194.061816","819977.153885","820743.694934","826477.057268","827243.928206","828010.967026","828776.915079","813043.87274","813810.542715","814577.074489","815343.869061","828021.136073","Mapping"
"Blocked","m160","ball","5","m160dime.wav","space","373.589354276","120","825711.160847","816110.372082","816894.174324","817660.835642","818426.975692","819194.061816","819977.153885","820743.694934","826477.057268","827243.928206","828010.967026","828776.915079","829543.854035","813810.542715","814577.074489","815343.869061","828785.790232","Mapping"
"Blocked","m160","ball","5","m160depth.wav","None","727.002003114","120","825711.160847","816110.372082","816894.174324","817660.835642","818426.975692","819194.061816","819977.153885","820743.694934","826477.057268","827243.928206","828010.967026","828776.915079","829543.854035","830310.639332","814577.074489","815343.869061","829553.310745","Mapping"
"Blocked","m160","ball","5","m160ball.wav","None","730.775473698","120","825711.160847","816110.372082","816894.174324","817660.835642","818426.975692","819194.061816","819977.153885","820743.694934","826477.057268","827243.928206","828010.967026","828776.915079","829543.854035","830310.639332","831077.170488","815343.869061","830319.84592","Mapping"
"Blocked","m160","ball","5","m160romp.wav","space","417.130350601","120","825711.160847","816110.372082","816894.174324","817660.835642","818426.975692","819194.061816","819977.153885","820743.694934","826477.057268","827243.928206","828010.967026","828776.915079","829543.854035","830310.639332","831077.170488","831843.761314","831086.202701","Mapping"
"Blocked","m160","ball","5","m160jolt.wav","None","733.190433064","120","825711.160847","832627.664656","816894.174324","817660.835642","818426.975692","819194.061816","819977.153885","820743.694934","826477.057268","827243.928206","828010.967026","828776.915079","829543.854035","830310.639332","831077.170488","831843.761314","831853.578212","Mapping"
"Blocked","m160","ball","5","m160priest.wav","None","719.605629798","120","825711.160847","832627.664656","833394.253627","817660.835642","818426.975692","819194.061816","819977.153885","820743.694934","826477.057268","827243.928206","828010.967026","828776.915079","829543.854035","830310.639332","831077.170488","831843.761314","832637.211336","Mapping"
"Blocked","m160","ball","5","m160jaw.wav","None","723.800195556","120","825711.160847","832627.664656","833394.253627","834159.958051","818426.975692","819194.061816","819977.153885","820743.694934","826477.057268","827243.928206","828010.967026","828776.915079","829543.854035","830310.639332","831077.170488","831843.761314","833403.825041","Mapping"
"Blocked","m160","ball","5","m160ball.wav","None","732.1213088","120","825711.160847","832627.664656","833394.253627","834159.958051","834926.715832","819194.061816","819977.153885","820743.694934","826477.057268","827243.928206","828010.967026","828776.915079","829543.854035","830310.639332","831077.170488","831843.761314","834168.74509","Mapping"
"Blocked","m160","ball","5","m160reek.wav","space","455.529780709","120","825711.160847","832627.664656","833394.253627","834159.958051","834926.715832","835693.444859","819977.153885","820743.694934","826477.057268","827243.928206","828010.967026","828776.915079","829543.854035","830310.639332","831077.170488","831843.761314","834935.73877","Mapping"
"Blocked","m160","ball","5","m160cad.wav","None","734.684053401","120","825711.160847","832627.664656","833394.253627","834159.958051","834926.715832","835693.444859","836477.232879","820743.694934","826477.057268","827243.928206","828010.967026","828776.915079","829543.854035","830310.639332","831077.170488","831843.761314","835702.574462","Mapping"
"Blocked","m160","ball","5","m160reek.wav","None","720.754520968","120","825711.160847","832627.664656","833394.253627","834159.958051","834926.715832","835693.444859","836477.232879","837244.493995","826477.057268","827243.928206","828010.967026","828776.915079","829543.854035","830310.639332","831077.170488","831843.761314","836486.628991","Mapping"
"Blocked","m160","done","23","m160priest.wav","None","723.074873036","120","840377.483712","832627.664656","833394.253627","834159.958051","834926.715832","835693.444859","836477.232879","837244.493995","826477.057268","827243.928206","828010.967026","828776.915079","829543.854035","830310.639332","831077.170488","831843.761314","837254.217831","Mapping"
"Blocked","m160","done","23","m160jolt.wav","None","722.498881572","120","840377.483712","832627.664656","833394.253627","834159.958051","834926.715832","835693.444859","836477.232879","837244.493995","841143.715896","827243.928206","828010.967026","828776.915079","829543.854035","830310.639332","831077.170488","831843.761314","840387.128709","Mapping"
"Blocked","m160","done","23","m160priest.wav","None","726.60564183","120","840377.483712","832627.664656","833394.253627","834159.958051","834926.715832","835693.444859","836477.232879","837244.493995","841143.715896","841910.167594","828010.967026","828776.915079","829543.854035","830310.639332","831077.170488","831843.761314","841153.107061","Mapping"
"Blocked","m160","done","23","m160bluff.wav","None","731.377126649","120","840377.483712","832627.664656","833394.253627","834159.958051","834926.715832","835693.444859","836477.232879","837244.493995","841143.715896","841910.167594","842676.917027","828776.915079","829543.854035","830310.639332","831077.170488","831843.761314","841919.020178","Mapping"
"Blocked","m160","done","23","m160done.wav","None","734.126303229","120","840377.483712","832627.664656","833394.253627","834159.958051","834926.715832","835693.444859","836477.232879","837244.493995","841143.715896","841910.167594","842676.917027","843460.790997","829543.854035","830310.639332","831077.170488","831843.761314","842686.423514","Mapping"
"Blocked","m160","done","23","m160romp.wav","space","432.66975286","120","840377.483712","832627.664656","833394.253627","834159.958051","834926.715832","835693.444859","836477.232879","837244.493995","841143.715896","841910.167594","842676.917027","843460.790997","844226.972786","830310.639332","831077.170488","831843.761314","843470.500612","Mapping"
"Blocked","m160","done","23","m160cling.wav","None","720.387222071","120","840377.483712","832627.664656","833394.253627","834159.958051","834926.715832","835693.444859","836477.232879","837244.493995","841143.715896","841910.167594","842676.917027","843460.790997","844226.972786","844993.963993","831077.170488","831843.761314","844235.954605","Mapping"
"Blocked","m160","done","23","m160done.wav","None","723.123104195","120","840377.483712","832627.664656","833394.253627","834159.958051","834926.715832","835693.444859","836477.232879","837244.493995","841143.715896","841910.167594","842676.917027","843460.790997","844226.972786","844993.963993","845760.534723","831843.761314","845003.536334","Mapping"
"Blocked","m160","done","23","m160bluff.wav","space","548.805459286","120","840377.483712","832627.664656","833394.253627","834159.958051","834926.715832","835693.444859","836477.232879","837244.493995","841143.715896","841910.167594","842676.917027","843460.790997","844226.972786","844993.963993","845760.534723","846526.66457","845770.314829","Mapping"
"Blocked","m160","done","23","m160done.wav","None","726.834121568","120","840377.483712","847293.594561","833394.253627","834159.958051","834926.715832","835693.444859","836477.232879","837244.493995","841143.715896","841910.167594","842676.917027","843460.790997","844226.972786","844993.963993","845760.534723","846526.66457","846535.636186","Mapping"
"Blocked","m160","done","23","m160dime.wav","space","440.043247305","120","840377.483712","847293.594561","848059.89971","834159.958051","834926.715832","835693.444859","836477.232879","837244.493995","841143.715896","841910.167594","842676.917027","843460.790997","844226.972786","844993.963993","845760.534723","846526.66457","847303.063328","Mapping"
"Blocked","m160","done","23","m160dime.wav","None","729.42005418","120","840377.483712","847293.594561","848059.89971","848826.547115","834926.715832","835693.444859","836477.232879","837244.493995","841143.715896","841910.167594","842676.917027","843460.790997","844226.972786","844993.963993","845760.534723","846526.66457","848068.890185","Mapping"
"Blocked","m160","done","23","m160greet.wav","None","733.439009055","120","840377.483712","847293.594561","848059.89971","848826.547115","849593.693218","835693.444859","836477.232879","837244.493995","841143.715896","841910.167594","842676.917027","843460.790997","844226.972786","844993.963993","845760.534723","846526.66457","848835.351158","Mapping"
"Blocked","m160","done","23","m160done.wav","None","736.043182958","120","840377.483712","847293.594561","848059.89971","848826.547115","849593.693218","850377.565643","836477.232879","837244.493995","841143.715896","841910.167594","842676.917027","843460.790997","844226.972786","844993.963993","845760.534723","846526.66457","849602.999051","Mapping"
"Blocked","m160","done","23","m160reek.wav","space","443.663676619","120","840377.483712","847293.594561","848059.89971","848826.547115","849593.693218","850377.565643","851143.591917","837244.493995","841143.715896","841910.167594","842676.917027","843460.790997","844226.972786","844993.963993","845760.534723","846526.66457","850387.401091","Mapping"
"Blocked","m160","done","23","m160cad.wav","None","721.337623429","120","840377.483712","847293.594561","848059.89971","848826.547115","849593.693218","850377.565643","851143.591917","851910.29621","841143.715896","841910.167594","842676.917027","843460.790997","844226.972786","844993.963993","845760.534723","846526.66457","851153.33956","Mapping"
"Blocked","m160","tile","17","m160knife.wav","None","725.698215712","120","855043.834403","847293.594561","848059.89971","848826.547115","849593.693218","850377.565643","851143.591917","851910.29621","841143.715896","841910.167594","842676.917027","843460.790997","844226.972786","844993.963993","845760.534723","846526.66457","851919.531243","Mapping"
"Blocked","m160","tile","17","m160tile.wav","None","721.170669422","120","855043.834403","847293.594561","848059.89971","848826.547115","849593.693218","850377.565643","851143.591917","851910.29621","855810.231995","841910.167594","842676.917027","843460.790997","844226.972786","844993.963993","845760.534723","846526.66457","855054.299639","Mapping"
"Blocked","m160","tile","17","m160gnash.wav","space","443.336570403","120","855043.834403","847293.594561","848059.89971","848826.547115","849593.693218","850377.565643","851143.591917","851910.29621","855810.231995","856576.530343","842676.917027","843460.790997","844226.972786","844993.963993","845760.534723","846526.66457","855819.649131","Mapping"
"Blocked","m160","tile","17","m160jolt.wav","None","731.24232667","120","855043.834403","847293.594561","848059.89971","848826.547115","849593.693218","850377.565643","851143.591917","851910.29621","855810.231995","856576.530343","857343.428179","843460.790997","844226.972786","844993.963993","845760.534723","846526.66457","856580.240742","Mapping"
"Blocked","m160","tile","17","m160knife.wav","None","728.31351991","120","855043.834403","847293.594561","848059.89971","848826.547115","849593.693218","850377.565643","851143.591917","851910.29621","855810.231995","856576.530343","857343.428179","858110.265108","844226.972786","844993.963993","845760.534723","846526.66457","857353.284651","Mapping"
"Blocked","m160","tile","17","m160ball.wav","None","732.99812671","120","855043.834403","847293.594561","848059.89971","848826.547115","849593.693218","850377.565643","851143.591917","851910.29621","855810.231995","856576.530343","857343.428179","858110.265108","858893.902251","844993.963993","845760.534723","846526.66457","858119.347408","Mapping"
"Blocked","m160","tile","17","m160tile.wav","None","719.124245632","120","855043.834403","847293.594561","848059.89971","848826.547115","849593.693218","850377.565643","851143.591917","851910.29621","855810.231995","856576.530343","857343.428179","858110.265108","858893.902251","859660.560477","845760.534723","846526.66457","858903.404409","Mapping"
"Blocked","m160","tile","17","m160lash.wav","space","560.516048805","120","855043.834403","847293.594561","848059.89971","848826.547115","849593.693218","850377.565643","851143.591917","851910.29621","855810.231995","856576.530343","857343.428179","858110.265108","858893.902251","859660.560477","860426.671156","846526.66457","859670.404891","Mapping"
"Blocked","m160","tile","17","m160tile.wav","None","723.511426942","120","855043.834403","847293.594561","848059.89971","848826.547115","849593.693218","850377.565643","851143.591917","851910.29621","855810.231995","856576.530343","857343.428179","858110.265108","858893.902251","859660.560477","860426.671156","861193.078951","860435.714809","Mapping"
"Blocked","m160","tile","17","m160bluff.wav","space","549.061764614","120","855043.834403","861959.744288","848059.89971","848826.547115","849593.693218","850377.565643","851143.591917","851910.29621","855810.231995","856576.530343","857343.428179","858110.265108","858893.902251","859660.560477","860426.671156","861193.078951","861201.843729","Mapping"
"Blocked","m160","tile","17","m160tile.wav","None","726.934603183","120","855043.834403","861959.744288","862726.341607","848826.547115","849593.693218","850377.565643","851143.591917","851910.29621","855810.231995","856576.530343","857343.428179","858110.265108","858893.902251","859660.560477","860426.671156","861193.078951","861968.76599","Mapping"
"Blocked","m160","tile","17","m160jolt.wav","space","479.431107175","120","855043.834403","861959.744288","862726.341607","863493.12103","849593.693218","850377.565643","851143.591917","851910.29621","855810.231995","856576.530343","857343.428179","858110.265108","858893.902251","859660.560477","860426.671156","861193.078951","862735.440293","Mapping"
"Blocked","m160","tile","17","m160cling.wav","None","729.535994527","120","855043.834403","861959.744288","862726.341607","863493.12103","864260.111309","850377.565643","851143.591917","851910.29621","855810.231995","856576.530343","857343.428179","858110.265108","858893.902251","859660.560477","860426.671156","861193.078951","863502.452215","Mapping"
"Blocked","m160","tile","17","m160done.wav","None","733.174974332","120","855043.834403","861959.744288","862726.341607","863493.12103","864260.111309","865043.67827","851143.591917","851910.29621","855810.231995","856576.530343","857343.428179","858110.265108","858893.902251","859660.560477","860426.671156","861193.078951","864269.4966","Mapping"
"Blocked","m160","tile","17","m160romp.wav","None","719.547814282","120","855043.834403","861959.744288","862726.341607","863493.12103","864260.111309","865043.67827","865809.427215","851910.29621","855810.231995","856576.530343","857343.428179","858110.265108","858893.902251","859660.560477","860426.671156","861193.078951","865053.424985","Mapping"
"Blocked","m160","tile","17","m160ball.wav","None","730.120024469","120","855043.834403","861959.744288","862726.341607","863493.12103","864260.111309","865043.67827","865809.427215","866576.664833","855810.231995","856576.530343","857343.428179","858110.265108","858893.902251","859660.560477","860426.671156","861193.078951","865818.258774","Mapping"
"Blocked","m160","tile","14","m160cad.wav","None","732.437903178","120","869710.413264","861959.744288","862726.341607","863493.12103","864260.111309","865043.67827","865809.427215","866576.664833","855810.231995","856576.530343","857343.428179","858110.265108","858893.902251","859660.560477","860426.671156","861193.078951","866586.224189","Mapping"
"Blocked","m160","tile","14","m160tile.wav","None","721.914851572","120","869710.413264","861959.744288","862726.341607","863493.12103","864260.111309","865043.67827","865809.427215","866576.664833","870476.612057","856576.530343","857343.428179","858110.265108","858893.902251","859660.560477","860426.671156","861193.078951","869720.406082","Mapping"
"Blocked","m160","tile","14","m160dime.wav","space","529.090041702","120","869710.413264","861959.744288","862726.341607","863493.12103","864260.111309","865043.67827","865809.427215","866576.664833","870476.612057","871242.951525","857343.428179","858110.265108","858893.902251","859660.560477","860426.671156","861193.078951","870485.661276","Mapping"
"Blocked","m160","tile","14","m160tile.wav","None","727.079605858","120","869710.413264","861959.744288","862726.341607","863493.12103","864260.111309","865043.67827","865809.427215","866576.664833","870476.612057","871242.951525","872009.973649","858110.265108","858893.902251","859660.560477","860426.671156","861193.078951","871251.729288","Mapping"
"Blocked","m160","tile","14","m160depth.wav","space","569.115109567","120","869710.413264","861959.744288","862726.341607","863493.12103","864260.111309","865043.67827","865809.427215","866576.664833","870476.612057","871242.951525","872009.973649","872776.544688","858893.902251","859660.560477","860426.671156","861193.078951","872013.620358","Mapping"
"Blocked","m160","tile","14","m160tile.wav","None","728.836642578","120","869710.413264","861959.744288","862726.341607","863493.12103","864260.111309","865043.67827","865809.427215","866576.664833","870476.612057","871242.951525","872009.973649","872776.544688","873543.287319","859660.560477","860426.671156","861193.078951","872786.174226","Mapping"
"Blocked","m160","tile","14","m160bluff.wav","space","389.787297463","120","869710.413264","861959.744288","862726.341607","863493.12103","864260.111309","865043.67827","865809.427215","866576.664833","870476.612057","871242.951525","872009.973649","872776.544688","873543.287319","874309.896696","860426.671156","861193.078951","873552.941591","Mapping"
"Blocked","m160","tile","14","m160cave.wav","None","731.94322444","120","869710.413264","861959.744288","862726.341607","863493.12103","864260.111309","865043.67827","865809.427215","866576.664833","870476.612057","871242.951525","872009.973649","872776.544688","873543.287319","874309.896696","875076.253477","861193.078951","874319.17965","Mapping"
"Blocked","m160","tile","14","m160cave.wav","None","736.076573783","120","869710.413264","861959.744288","862726.341607","863493.12103","864260.111309","865043.67827","865809.427215","866576.664833","870476.612057","871242.951525","872009.973649","872776.544688","873543.287319","874309.896696","875076.253477","875859.717792","875085.580334","Mapping"
"Blocked","m160","tile","14","m160romp.wav","None","723.876252421","120","869710.413264","876626.487321","862726.341607","863493.12103","864260.111309","865043.67827","865809.427215","866576.664833","870476.612057","871242.951525","872009.973649","872776.544688","873543.287319","874309.896696","875076.253477","875859.717792","875868.992708","Mapping"
"Blocked","m160","tile","14","m160tile.wav","None","727.045596694","120","869710.413264","876626.487321","877392.823697","863493.12103","864260.111309","865043.67827","865809.427215","866576.664833","870476.612057","871242.951525","872009.973649","872776.544688","873543.287319","874309.896696","875076.253477","875859.717792","876636.039566","Mapping"
"Blocked","m160","tile","14","m160jaw.wav","space","445.00982092","120","869710.413264","876626.487321","877392.823697","878159.365364","864260.111309","865043.67827","865809.427215","866576.664833","870476.612057","871242.951525","872009.973649","872776.544688","873543.287319","874309.896696","875076.253477","875859.717792","877401.632069","Mapping"
"Blocked","m160","tile","14","m160lash.wav","None","731.471115549","120","869710.413264","876626.487321","877392.823697","878159.365364","878926.800545","865043.67827","865809.427215","866576.664833","870476.612057","871242.951525","872009.973649","872776.544688","873543.287319","874309.896696","875076.253477","875859.717792","878168.461886","Mapping"
"Blocked","m160","tile","14","m160lash.wav","None","734.217200428","120","869710.413264","876626.487321","877392.823697","878159.365364","878926.800545","879710.360395","865809.427215","866576.664833","870476.612057","871242.951525","872009.973649","872776.544688","873543.287319","874309.896696","875076.253477","875859.717792","878936.12833","Mapping"
"Blocked","m160","tile","14","m160greet.wav","None","720.056096558","120","869710.413264","876626.487321","877392.823697","878159.365364","878926.800545","879710.360395","880476.086461","866576.664833","870476.612057","871242.951525","872009.973649","872776.544688","873543.287319","874309.896696","875076.253477","875859.717792","879720.614774","Mapping"
"Blocked","m160","tile","14","m160cling.wav","None","726.238961332","120","869710.413264","876626.487321","877392.823697","878159.365364","878926.800545","879710.360395","880476.086461","881243.110131","870476.612057","871242.951525","872009.973649","872776.544688","873543.287319","874309.896696","875076.253477","875859.717792","880484.862679","Mapping"
"Blocked","m160","ball","1","m160bluff.wav","None","728.669997712","120","884376.501775","876626.487321","877392.823697","878159.365364","878926.800545","879710.360395","880476.086461","881243.110131","870476.612057","871242.951525","872009.973649","872776.544688","873543.287319","874309.896696","875076.253477","875859.717792","881252.821291","Mapping"
"Blocked","m160","ball","1","m160jolt.wav","None","722.753641079","120","884376.501775","876626.487321","877392.823697","878159.365364","878926.800545","879710.360395","880476.086461","881243.110131","885142.990574","871242.951525","872009.973649","872776.544688","873543.287319","874309.896696","875076.253477","875859.717792","884386.301359","Mapping"
"Blocked","m160","ball","1","m160jaw.wav","None","726.657273946","120","884376.501775","876626.487321","877392.823697","878159.365364","878926.800545","879710.360395","880476.086461","881243.110131","885142.990574","885909.864294","872009.973649","872776.544688","873543.287319","874309.896696","875076.253477","875859.717792","885152.80067","Mapping"
"Blocked","m160","ball","1","m160park.wav","None","731.146791892","120","884376.501775","876626.487321","877392.823697","878159.365364","878926.800545","879710.360395","880476.086461","881243.110131","885142.990574","885909.864294","886676.118121","872776.544688","873543.287319","874309.896696","875076.253477","875859.717792","885919.188987","Mapping"
"Blocked","m160","ball","1","m160ball.wav","None","735.063410073","120","884376.501775","876626.487321","877392.823697","878159.365364","878926.800545","879710.360395","880476.086461","881243.110131","885142.990574","885909.864294","886676.118121","887460.126273","873543.287319","874309.896696","875076.253477","875859.717792","886685.641612","Mapping"
"Blocked","m160","ball","1","m160romp.wav","space","392.386215448","120","884376.501775","876626.487321","877392.823697","878159.365364","878926.800545","879710.360395","880476.086461","881243.110131","885142.990574","885909.864294","886676.118121","887460.126273","888226.472542","874309.896696","875076.253477","875859.717792","887470.117236","Mapping"
"Blocked","m160","ball","1","m160ball.wav","None","720.403299143","120","884376.501775","876626.487321","877392.823697","878159.365364","878926.800545","879710.360395","880476.086461","881243.110131","885142.990574","885909.864294","886676.118121","887460.126273","888226.472542","888992.923313","875076.253477","875859.717792","888236.384666","Mapping"
"Blocked","m160","ball","1","m160jolt.wav","space","387.59092422","120","884376.501775","876626.487321","877392.823697","878159.365364","878926.800545","879710.360395","880476.086461","881243.110131","885142.990574","885909.864294","886676.118121","887460.126273","888226.472542","888992.923313","889759.45756","875859.717792","889002.893252","Mapping"
"Blocked","m160","ball","1","m160park.wav","None","724.878595036","120","884376.501775","876626.487321","877392.823697","878159.365364","878926.800545","879710.360395","880476.086461","881243.110131","885142.990574","885909.864294","886676.118121","887460.126273","888226.472542","888992.923313","889759.45756","890526.258006","889768.515745","Mapping"
"Blocked","m160","ball","1","m160ball.wav","None","728.734305943","120","884376.501775","891292.902938","877392.823697","878159.365364","878926.800545","879710.360395","880476.086461","881243.110131","885142.990574","885909.864294","886676.118121","887460.126273","888226.472542","888992.923313","889759.45756","890526.258006","890535.280636","Mapping"
"Blocked","m160","ball","1","m160greet.wav","space","391.983052308","120","884376.501775","891292.902938","892059.633511","878159.365364","878926.800545","879710.360395","880476.086461","881243.110131","885142.990574","885909.864294","886676.118121","887460.126273","888226.472542","888992.923313","889759.45756","890526.258006","891302.349136","Mapping"
"Blocked","m160","ball","1","m160cave.wav","None","731.10814509","120","884376.501775","891292.902938","892059.633511","892825.802933","878926.800545","879710.360395","880476.086461","881243.110131","885142.990574","885909.864294","886676.118121","887460.126273","888226.472542","888992.923313","889759.45756","890526.258006","892069.352401","Mapping"
"Blocked","m160","ball","1","m160cad.wav","None","735.996806878","120","884376.501775","891292.902938","892059.633511","892825.802933","893609.936919","879710.360395","880476.086461","881243.110131","885142.990574","885909.864294","886676.118121","887460.126273","888226.472542","888992.923313","889759.45756","890526.258006","892834.925426","Mapping"
"Blocked","m160","ball","1","m160ball.wav","None","721.884861705","120","884376.501775","891292.902938","892059.633511","892825.802933","893609.936919","894376.224136","880476.086461","881243.110131","885142.990574","885909.864294","886676.118121","887460.126273","888226.472542","888992.923313","889759.45756","890526.258006","893620.336301","Mapping"
"Blocked","m160","ball","1","m160cad.wav","space","572.553744481","120","884376.501775","891292.902938","892059.633511","892825.802933","893609.936919","894376.224136","895142.614618","881243.110131","885142.990574","885909.864294","886676.118121","887460.126273","888226.472542","888992.923313","889759.45756","890526.258006","894385.853984","Mapping"
"Blocked","m160","ball","1","m160park.wav","None","726.054384373","120","884376.501775","891292.902938","892059.633511","892825.802933","893609.936919","894376.224136","895142.614618","895909.677862","885142.990574","885909.864294","886676.118121","887460.126273","888226.472542","888992.923313","889759.45756","890526.258006","895152.17521","Mapping"
"Blocked","m160","ball","3","m160greet.wav","None","729.832801677","120","899043.075998","891292.902938","892059.633511","892825.802933","893609.936919","894376.224136","895142.614618","895909.677862","885142.990574","885909.864294","886676.118121","887460.126273","888226.472542","888992.923313","889759.45756","890526.258006","895918.95556","Mapping"
"Blocked","m160","ball","3","m160lash.wav","None","721.644942532","120","899043.075998","891292.902938","892059.633511","892825.802933","893609.936919","894376.224136","895142.614618","895909.677862","899809.583348","885909.864294","886676.118121","887460.126273","888226.472542","888992.923313","889759.45756","890526.258006","899053.235152","Mapping"
"Blocked","m160","ball","3","m160depth.wav","None","726.482590544","120","899043.075998","891292.902938","892059.633511","892825.802933","893609.936919","894376.224136","895142.614618","895909.677862","899809.583348","900576.15686","886676.118121","887460.126273","888226.472542","888992.923313","889759.45756","890526.258006","899818.80694","Mapping"
"Blocked","m160","ball","3","m160ball.wav","None","730.135174002","120","899043.075998","891292.902938","892059.633511","892825.802933","893609.936919","894376.224136","895142.614618","895909.677862","899809.583348","900576.15686","901342.474067","887460.126273","888226.472542","888992.923313","889759.45756","890526.258006","900585.554209","Mapping"
"Blocked","m160","ball","3","m160priest.wav","space","462.656245043","120","899043.075998","891292.902938","892059.633511","892825.802933","893609.936919","894376.224136","895142.614618","895909.677862","899809.583348","900576.15686","901342.474067","902109.502993","888226.472542","888992.923313","889759.45756","890526.258006","901351.680346","Mapping"
"Blocked","m160","ball","3","m160dime.wav","None","732.936601038","120","899043.075998","891292.902938","892059.633511","892825.802933","893609.936919","894376.224136","895142.614618","895909.677862","899809.583348","900576.15686","901342.474067","902109.502993","902893.136427","888992.923313","889759.45756","890526.258006","902119.101923","Mapping"
"Blocked","m160","ball","3","m160cave.wav","None","719.786187517","120","899043.075998","891292.902938","892059.633511","892825.802933","893609.936919","894376.224136","895142.614618","895909.677862","899809.583348","900576.15686","901342.474067","902109.502993","902893.136427","903659.519797","889759.45756","890526.258006","902903.012377","Mapping"
"Blocked","m160","ball","3","m160ball.wav","None","724.62043463","120","899043.075998","891292.902938","892059.633511","892825.802933","893609.936919","894376.224136","895142.614618","895909.677862","899809.583348","900576.15686","901342.474067","902109.502993","902893.136427","903659.519797","904426.087126","890526.258006","903669.095539","Mapping"
"Blocked","m160","ball","3","m160done.wav","space","378.170078562","120","899043.075998","891292.902938","892059.633511","892825.802933","893609.936919","894376.224136","895142.614618","895909.677862","899809.583348","900576.15686","901342.474067","902109.502993","902893.136427","903659.519797","904426.087126","905192.756482","904436.080562","Mapping"
"Blocked","m160","ball","3","m160gnash.wav","None","727.84172016","120","899043.075998","905959.160258","892059.633511","892825.802933","893609.936919","894376.224136","895142.614618","895909.677862","899809.583348","900576.15686","901342.474067","902109.502993","902893.136427","903659.519797","904426.087126","905192.756482","905202.174545","Mapping"
"Blocked","m160","ball","3","m160bluff.wav","None","731.963011611","120","899043.075998","905959.160258","906742.943023","892825.802933","893609.936919","894376.224136","895142.614618","895909.677862","899809.583348","900576.15686","901342.474067","902109.502993","902893.136427","903659.519797","904426.087126","905192.756482","905968.621915","Mapping"
"Blocked","m160","ball","3","m160romp.wav","None","718.350382755","120","899043.075998","905959.160258","906742.943023","907509.886926","893609.936919","894376.224136","895142.614618","895909.677862","899809.583348","900576.15686","901342.474067","902109.502993","902893.136427","903659.519797","904426.087126","905192.756482","906752.963048","Mapping"
"Blocked","m160","ball","3","m160ball.wav","None","721.621445322","120","899043.075998","905959.160258","906742.943023","907509.886926","908276.051092","894376.224136","895142.614618","895909.677862","899809.583348","900576.15686","901342.474067","902109.502993","902893.136427","903659.519797","904426.087126","905192.756482","907520.122136","Mapping"
"Blocked","m160","ball","3","m160park.wav","space","440.644900198","120","899043.075998","905959.160258","906742.943023","907509.886926","908276.051092","909042.343565","895142.614618","895909.677862","899809.583348","900576.15686","901342.474067","902109.502993","902893.136427","903659.519797","904426.087126","905192.756482","908285.548922","Mapping"
"Blocked","m160","ball","3","m160ball.wav","None","727.207913122","120","899043.075998","905959.160258","906742.943023","907509.886926","908276.051092","909042.343565","909809.468026","895909.677862","899809.583348","900576.15686","901342.474067","902109.502993","902893.136427","903659.519797","904426.087126","905192.756482","909051.419063","Mapping"
"Blocked","m160","ball","3","m160knife.wav","space","563.127952046","120","899043.075998","905959.160258","906742.943023","907509.886926","908276.051092","909042.343565","909809.468026","910575.656307","899809.583348","900576.15686","901342.474067","902109.502993","902893.136427","903659.519797","904426.087126","905192.756482","909819.05799","Mapping"
"Blocked","m160","cave","11","m160knife.wav","None","730.614394008","120","913709.970526","905959.160258","906742.943023","907509.886926","908276.051092","909042.343565","909809.468026","910575.656307","899809.583348","900576.15686","901342.474067","902109.502993","902893.136427","903659.519797","904426.087126","905192.756482","910584.822703","Mapping"
"Blocked","m160","cave","11","m160jolt.wav","None","721.685135213","120","913709.970526","905959.160258","906742.943023","907509.886926","908276.051092","909042.343565","909809.468026","910575.656307","914475.909923","900576.15686","901342.474067","902109.502993","902893.136427","903659.519797","904426.087126","905192.756482","913719.957161","Mapping"
"Blocked","m160","cave","11","m160park.wav","space","592.852882866","120","913709.970526","905959.160258","906742.943023","907509.886926","908276.051092","909042.343565","909809.468026","910575.656307","914475.909923","915243.027582","901342.474067","902109.502993","902893.136427","903659.519797","904426.087126","905192.756482","914485.258422","Mapping"
"Blocked","m160","cave","11","m160priest.wav","space","0.034318305552","120","913709.970526","905959.160258","906742.943023","907509.886926","908276.051092","909042.343565","909809.468026","910575.656307","914475.909923","915243.027582","916008.897414","902109.502993","902893.136427","903659.519797","904426.087126","905192.756482","915252.515209","Mapping"
"Blocked","m160","cave","11","m160reek.wav","None","725.882174389","120","913709.970526","905959.160258","906742.943023","907509.886926","908276.051092","909042.343565","909809.468026","910575.656307","914475.909923","915243.027582","916008.897414","916775.584702","902893.136427","903659.519797","904426.087126","905192.756482","916017.834402","Mapping"
"Blocked","m160","cave","11","m160done.wav","None","729.803430149","120","913709.970526","905959.160258","906742.943023","907509.886926","908276.051092","909042.343565","909809.468026","910575.656307","914475.909923","915243.027582","916008.897414","916775.584702","917542.226852","903659.519797","904426.087126","905192.756482","916784.839522","Mapping"
"Blocked","m160","cave","11","m160cave.wav","None","733.923484921","120","913709.970526","905959.160258","906742.943023","907509.886926","908276.051092","909042.343565","909809.468026","910575.656307","914475.909923","915243.027582","916008.897414","916775.584702","917542.226852","918326.215526","904426.087126","905192.756482","917551.332649","Mapping"
"Blocked","m160","cave","11","m160gnash.wav","space","365.866493026","120","913709.970526","905959.160258","906742.943023","907509.886926","908276.051092","909042.343565","909809.468026","910575.656307","914475.909923","915243.027582","916008.897414","916775.584702","917542.226852","918326.215526","919092.927858","905192.756482","918336.155475","Mapping"
"Blocked","m160","cave","11","m160cave.wav","None","719.050662185","120","913709.970526","905959.160258","906742.943023","907509.886926","908276.051092","909042.343565","909809.468026","910575.656307","914475.909923","915243.027582","916008.897414","916775.584702","917542.226852","918326.215526","919092.927858","919860.02542","919103.017138","Mapping"
"Blocked","m160","cave","11","m160knife.wav","space","559.783924371","120","913709.970526","920626.428887","906742.943023","907509.886926","908276.051092","909042.343565","909809.468026","910575.656307","914475.909923","915243.027582","916008.897414","916775.584702","917542.226852","918326.215526","919092.927858","919860.02542","919870.248573","Mapping"
"Blocked","m160","cave","11","m160knife.wav","None","721.772322315","120","913709.970526","920626.428887","921392.542039","907509.886926","908276.051092","909042.343565","909809.468026","910575.656307","914475.909923","915243.027582","916008.897414","916775.584702","917542.226852","918326.215526","919092.927858","919860.02542","920636.45355","Mapping"
"Blocked","m160","cave","11","m160cave.wav","None","726.728693175","120","913709.970526","920626.428887","921392.542039","922159.299201","908276.051092","909042.343565","909809.468026","910575.656307","914475.909923","915243.027582","916008.897414","916775.584702","917542.226852","918326.215526","919092.927858","919860.02542","921402.171887","Mapping"
"Blocked","m160","cave","11","m160park.wav","space","397.118744208","120","913709.970526","920626.428887","921392.542039","922159.299201","922925.790164","909042.343565","909809.468026","910575.656307","914475.909923","915243.027582","916008.897414","916775.584702","917542.226852","918326.215526","919092.927858","919860.02542","922168.871851","Mapping"
"Blocked","m160","cave","11","m160depth.wav","space","366.610984376","120","913709.970526","920626.428887","921392.542039","922159.299201","922925.790164","923692.120666","909809.468026","910575.656307","914475.909923","915243.027582","916008.897414","916775.584702","917542.226852","918326.215526","919092.927858","919860.02542","922935.386621","Mapping"
"Blocked","m160","cave","11","m160cave.wav","None","729.698310955","120","913709.970526","920626.428887","921392.542039","922159.299201","922925.790164","923692.120666","924458.732825","910575.656307","914475.909923","915243.027582","916008.897414","916775.584702","917542.226852","918326.215526","919092.927858","919860.02542","923701.438247","Mapping"
"Blocked","m160","cave","11","m160jolt.wav","space","482.330851548","120","913709.970526","920626.428887","921392.542039","922159.299201","922925.790164","923692.120666","924458.732825","925225.733307","914475.909923","915243.027582","916008.897414","916775.584702","917542.226852","918326.215526","919092.927858","919860.02542","924467.611688","Mapping"
"Blocked","m160","ball","6","m160cad.wav","None","732.68524243","120","928359.619938","920626.428887","921392.542039","922159.299201","922925.790164","923692.120666","924458.732825","925225.733307","914475.909923","915243.027582","916008.897414","916775.584702","917542.226852","918326.215526","919092.927858","919860.02542","925234.606914","Mapping"
"Blocked","m160","ball","6","m160dime.wav","None","721.913614892","120","928359.619938","920626.428887","921392.542039","922159.299201","922925.790164","923692.120666","924458.732825","925225.733307","929125.318488","915243.027582","916008.897414","916775.584702","917542.226852","918326.215526","919092.927858","919860.02542","928369.488468","Mapping"
"Blocked","m160","ball","6","m160ball.wav","None","731.673624599","120","928359.619938","920626.428887","921392.542039","922159.299201","922925.790164","923692.120666","924458.732825","925225.733307","929125.318488","929909.59253","916008.897414","916775.584702","917542.226852","918326.215526","919092.927858","919860.02542","929134.13799","Mapping"
"Blocked","m160","ball","6","m160reek.wav","space","566.45281089","120","928359.619938","920626.428887","921392.542039","922159.299201","922925.790164","923692.120666","924458.732825","925225.733307","929125.318488","929909.59253","930658.459948","916775.584702","917542.226852","918326.215526","919092.927858","919860.02542","929919.43478","Mapping"
"Blocked","m160","ball","6","m160ball.wav","None","736.034835281","120","928359.619938","920626.428887","921392.542039","922159.299201","922925.790164","923692.120666","924458.732825","925225.733307","929125.318488","929909.59253","930658.459948","931442.738009","917542.226852","918326.215526","919092.927858","919860.02542","930667.663135","Mapping"
"Blocked","m160","ball","6","m160bluff.wav","space","313.148898596","120","928359.619938","920626.428887","921392.542039","922159.299201","922925.790164","923692.120666","924458.732825","925225.733307","929125.318488","929909.59253","930658.459948","931442.738009","932208.931238","918326.215526","919092.927858","919860.02542","931452.713513","Mapping"
"Blocked","m160","ball","6","m160depth.wav","None","721.880533209","120","928359.619938","920626.428887","921392.542039","922159.299201","922925.790164","923692.120666","924458.732825","925225.733307","929125.318488","929909.59253","930658.459948","931442.738009","932208.931238","932975.682834","919092.927858","919860.02542","932218.447927","Mapping"
"Blocked","m160","ball","6","m160greet.wav","None","725.692959793","120","928359.619938","920626.428887","921392.542039","922159.299201","922925.790164","923692.120666","924458.732825","925225.733307","929125.318488","929909.59253","930658.459948","931442.738009","932208.931238","932975.682834","933742.315399","919860.02542","932985.243736","Mapping"
"Blocked","m160","ball","6","m160tile.wav","None","729.39470195","120","928359.619938","920626.428887","921392.542039","922159.299201","922925.790164","923692.120666","924458.732825","925225.733307","929125.318488","929909.59253","930658.459948","931442.738009","932208.931238","932975.682834","933742.315399","934508.691658","933752.020994","Mapping"
"Blocked","m160","ball","6","m160ball.wav","None","740.944520861","120","928359.619938","935292.544296","921392.542039","922159.299201","922925.790164","923692.120666","924458.732825","925225.733307","929125.318488","929909.59253","930658.459948","931442.738009","932208.931238","932975.682834","933742.315399","934508.691658","934512.21037","Mapping"
"Blocked","m160","ball","6","m160cad.wav","space","430.776679481","120","928359.619938","935292.544296","936059.296202","922159.299201","922925.790164","923692.120666","924458.732825","925225.733307","929125.318488","929909.59253","930658.459948","931442.738009","932208.931238","932975.682834","933742.315399","934508.691658","935303.02901","Mapping"
"Blocked","m160","ball","6","m160cad.wav","None","721.092757478","120","928359.619938","935292.544296","936059.296202","936825.616501","922925.790164","923692.120666","924458.732825","925225.733307","929125.318488","929909.59253","930658.459948","931442.738009","932208.931238","932975.682834","933742.315399","934508.691658","936068.801452","Mapping"
"Blocked","m160","ball","6","m160ball.wav","None","725.987602724","120","928359.619938","935292.544296","936059.296202","936825.616501","937592.267616","923692.120666","924458.732825","925225.733307","929125.318488","929909.59253","930658.459948","931442.738009","932208.931238","932975.682834","933742.315399","934508.691658","936834.619652","Mapping"
"Blocked","m160","ball","6","m160depth.wav","space","363.898290321","120","928359.619938","935292.544296","936059.296202","936825.616501","937592.267616","938358.689943","924458.732825","925225.733307","929125.318488","929909.59253","930658.459948","931442.738009","932208.931238","932975.682834","933742.315399","934508.691658","937601.834392","Mapping"
"Blocked","m160","ball","6","m160depth.wav","None","730.056643835","120","928359.619938","935292.544296","936059.296202","936825.616501","937592.267616","938358.689943","939125.186471","925225.733307","929125.318488","929909.59253","930658.459948","931442.738009","932208.931238","932975.682834","933742.315399","934508.691658","938367.872415","Mapping"
"Blocked","m160","ball","6","m160knife.wav","None","734.985807387","120","928359.619938","935292.544296","936059.296202","936825.616501","937592.267616","938358.689943","939125.186471","939909.10589","929125.318488","929909.59253","930658.459948","931442.738009","932208.931238","932975.682834","933742.315399","934508.691658","939134.092232","Mapping"
"Blocked","m160","done","21","m160priest.wav","None","721.10945289","120","943042.548547","935292.544296","936059.296202","936825.616501","937592.267616","938358.689943","939125.186471","939909.10589","929125.318488","929909.59253","930658.459948","931442.738009","932208.931238","932975.682834","933742.315399","934508.691658","939918.654734","Mapping"
"Blocked","m160","done","21","m160done.wav","None","721.453254577","120","943042.548547","935292.544296","936059.296202","936825.616501","937592.267616","938358.689943","939125.186471","939909.10589","943808.923261","929909.59253","930658.459948","931442.738009","932208.931238","932975.682834","933742.315399","934508.691658","943052.624842","Mapping"
"Blocked","m160","done","21","m160depth.wav","space","507.509376504","120","943042.548547","935292.544296","936059.296202","936825.616501","937592.267616","938358.689943","939125.186471","939909.10589","943808.923261","944575.485952","930658.459948","931442.738009","932208.931238","932975.682834","933742.315399","934508.691658","943818.149327","Mapping"
"Blocked","m160","done","21","m160cling.wav","None","725.632979942","120","943042.548547","935292.544296","936059.296202","936825.616501","937592.267616","938358.689943","939125.186471","939909.10589","943808.923261","944575.485952","945341.785536","931442.738009","932208.931238","932975.682834","933742.315399","934508.691658","944585.065095","Mapping"
"Blocked","m160","done","21","m160done.wav","None","730.907800258","120","943042.548547","935292.544296","936059.296202","936825.616501","937592.267616","938358.689943","939125.186471","939909.10589","943808.923261","944575.485952","945341.785536","946108.743352","932208.931238","932975.682834","933742.315399","934508.691658","945350.729636","Mapping"
"Blocked","m160","done","21","m160ball.wav","space","375.592802826","120","943042.548547","935292.544296","936059.296202","936825.616501","937592.267616","938358.689943","939125.186471","939909.10589","943808.923261","944575.485952","945341.785536","946108.743352","946875.456302","932975.682834","933742.315399","934508.691658","946118.050113","Mapping"
"Blocked","m160","done","21","m160lash.wav","None","733.819911664","120","943042.548547","935292.544296","936059.296202","936825.616501","937592.267616","938358.689943","939125.186471","939909.10589","943808.923261","944575.485952","945341.785536","946108.743352","946875.456302","947659.438484","933742.315399","934508.691658","946884.799236","Mapping"
"Blocked","m160","done","21","m160done.wav","None","720.123805688","120","943042.548547","935292.544296","936059.296202","936825.616501","937592.267616","938358.689943","939125.186471","939909.10589","943808.923261","944575.485952","945341.785536","946108.743352","946875.456302","947659.438484","948425.423638","934508.691658","947669.131712","Mapping"
"Blocked","m160","done","21","m160knife.wav","space","403.083331999","120","943042.548547","935292.544296","936059.296202","936825.616501","937592.267616","938358.689943","939125.186471","939909.10589","943808.923261","944575.485952","945341.785536","946108.743352","946875.456302","947659.438484","948425.423638","949192.090521","948434.559734","Mapping"
"Blocked","m160","done","21","m160lash.wav","None","724.292710016","120","943042.548547","949958.386705","936059.296202","936825.616501","937592.267616","938358.689943","939125.186471","939909.10589","943808.923261","944575.485952","945341.785536","946108.743352","946875.456302","947659.438484","948425.423638","949192.090521","949201.815594","Mapping"
"Blocked","m160","done","21","m160gnash.wav","None","729.658427474","120","943042.548547","949958.386705","950725.072756","936825.616501","937592.267616","938358.689943","939125.186471","939909.10589","943808.923261","944575.485952","945341.785536","946108.743352","946875.456302","947659.438484","948425.423638","949192.090521","949967.278553","Mapping"
"Blocked","m160","done","21","m160done.wav","None","733.660068596","120","943042.548547","949958.386705","950725.072756","951509.317736","937592.267616","938358.689943","939125.186471","939909.10589","943808.923261","944575.485952","945341.785536","946108.743352","946875.456302","947659.438484","948425.423638","949192.090521","950734.409507","Mapping"
"Blocked","m160","done","21","m160park.wav","space","358.496399538","120","943042.548547","949958.386705","950725.072756","951509.317736","952275.586094","938358.689943","939125.186471","939909.10589","943808.923261","944575.485952","945341.785536","946108.743352","946875.456302","947659.438484","948425.423638","949192.090521","951519.069089","Mapping"
"Blocked","m160","done","21","m160romp.wav","None","720.227379061","120","943042.548547","949958.386705","950725.072756","951509.317736","952275.586094","953041.971938","939125.186471","939909.10589","943808.923261","944575.485952","945341.785536","946108.743352","946875.456302","947659.438484","948425.423638","949192.090521","952284.922226","Mapping"
"Blocked","m160","done","21","m160cling.wav","None","724.742249236","120","943042.548547","949958.386705","950725.072756","951509.317736","952275.586094","953041.971938","953808.384679","939909.10589","943808.923261","944575.485952","945341.785536","946108.743352","946875.456302","947659.438484","948425.423638","949192.090521","953051.426174","Mapping"
"Blocked","m160","done","21","m160greet.wav","None","729.849497089","120","943042.548547","949958.386705","950725.072756","951509.317736","952275.586094","953041.971938","953808.384679","954575.333839","943808.923261","944575.485952","945341.785536","946108.743352","946875.456302","947659.438484","948425.423638","949192.090521","953817.337126","Mapping"
"Blocked","m160","ball","4","m160cave.wav","None","732.929180842","120","957709.177495","949958.386705","950725.072756","951509.317736","952275.586094","953041.971938","953808.384679","954575.333839","943808.923261","944575.485952","945341.785536","946108.743352","946875.456302","947659.438484","948425.423638","949192.090521","954584.937406","Mapping"
"Blocked","m160","ball","4","m160ball.wav","space","0.0389559427276","120","957709.177495","949958.386705","950725.072756","951509.317736","952275.586094","953041.971938","953808.384679","954575.333839","958475.141316","944575.485952","945341.785536","946108.743352","946875.456302","947659.438484","948425.423638","949192.090521","957719.061483","Mapping"
"Blocked","m160","ball","4","m160dime.wav","space","625.427471939","120","957709.177495","949958.386705","950725.072756","951509.317736","952275.586094","953041.971938","953808.384679","954575.333839","958475.141316","959242.360693","945341.785536","946108.743352","946875.456302","947659.438484","948425.423638","949192.090521","958484.013996","Mapping"
"Blocked","m160","ball","4","m160ball.wav","None","720.335590013","120","957709.177495","949958.386705","950725.072756","951509.317736","952275.586094","953041.971938","953808.384679","954575.333839","958475.141316","959242.360693","960008.143338","946108.743352","946875.456302","947659.438484","948425.423638","949192.090521","959252.12534","Mapping"
"Blocked","m160","ball","4","m160depth.wav","space","500.47071767","120","957709.177495","949958.386705","950725.072756","951509.317736","952275.586094","953041.971938","953808.384679","954575.333839","958475.141316","959242.360693","960008.143338","960774.851032","946875.456302","947659.438484","948425.423638","949192.090521","960016.983246","Mapping"
"Blocked","m160","ball","4","m160knife.wav","None","725.618448749","120","957709.177495","949958.386705","950725.072756","951509.317736","952275.586094","953041.971938","953808.384679","954575.333839","958475.141316","959242.360693","960008.143338","960774.851032","961541.936846","947659.438484","948425.423638","949192.090521","960783.557376","Mapping"
"Blocked","m160","ball","4","m160cling.wav","None","728.24519244","120","957709.177495","949958.386705","950725.072756","951509.317736","952275.586094","953041.971938","953808.384679","954575.333839","958475.141316","959242.360693","960008.143338","960774.851032","961541.936846","962308.181397","948425.423638","949192.090521","961551.689436","Mapping"
"Blocked","m160","ball","4","m160ball.wav","None","733.805689611","120","957709.177495","949958.386705","950725.072756","951509.317736","952275.586094","953041.971938","953808.384679","954575.333839","958475.141316","959242.360693","960008.143338","960774.851032","961541.936846","962308.181397","963091.712185","949192.090521","962317.009865","Mapping"
"Blocked","m160","ball","4","m160greet.wav","space","472.714607837","120","957709.177495","949958.386705","950725.072756","951509.317736","952275.586094","953041.971938","953808.384679","954575.333839","958475.141316","959242.360693","960008.143338","960774.851032","961541.936846","962308.181397","963091.712185","963858.417406","963100.674525","Mapping"
"Blocked","m160","ball","4","m160ball.wav","None","720.56901647","120","957709.177495","964624.956909","950725.072756","951509.317736","952275.586094","953041.971938","953808.384679","954575.333839","958475.141316","959242.360693","960008.143338","960774.851032","961541.936846","962308.181397","963091.712185","963858.417406","963867.340172","Mapping"
"Blocked","m160","ball","4","m160bluff.wav","space","378.970221267","120","957709.177495","964624.956909","965392.074877","951509.317736","952275.586094","953041.971938","953808.384679","954575.333839","958475.141316","959242.360693","960008.143338","960774.851032","961541.936846","962308.181397","963091.712185","963858.417406","964634.378373","Mapping"
"Blocked","m160","ball","4","m160romp.wav","None","723.911807465","120","957709.177495","964624.956909","965392.074877","966158.643134","952275.586094","953041.971938","953808.384679","954575.333839","958475.141316","959242.360693","960008.143338","960774.851032","961541.936846","962308.181397","963091.712185","963858.417406","965401.26106","Mapping"
"Blocked","m160","ball","4","m160park.wav","None","727.648177126","120","957709.177495","964624.956909","965392.074877","966158.643134","966925.17027","953041.971938","953808.384679","954575.333839","958475.141316","959242.360693","960008.143338","960774.851032","961541.936846","962308.181397","963091.712185","963858.417406","966168.32956","Mapping"
"Blocked","m160","ball","4","m160romp.wav","None","732.97401116","120","957709.177495","964624.956909","965392.074877","966158.643134","966925.17027","967708.489273","953808.384679","954575.333839","958475.141316","959242.360693","960008.143338","960774.851032","961541.936846","962308.181397","963091.712185","963858.417406","966934.063665","Mapping"
"Blocked","m160","ball","4","m160jaw.wav","None","719.993643346","120","957709.177495","964624.956909","965392.074877","966158.643134","966925.17027","967708.489273","968475.132968","954575.333839","958475.141316","959242.360693","960008.143338","960774.851032","961541.936846","962308.181397","963091.712185","963858.417406","967717.874873","Mapping"
"Blocked","m160","ball","4","m160cling.wav","None","724.7796593","120","957709.177495","964624.956909","965392.074877","966158.643134","966925.17027","967708.489273","968475.132968","969241.751929","958475.141316","959242.360693","960008.143338","960774.851032","961541.936846","962308.181397","963091.712185","963858.417406","968484.795897","Mapping"
"Blocked","m160","done","22","m160cad.wav","None","729.094803042","120","972375.478099","964624.956909","965392.074877","966158.643134","966925.17027","967708.489273","968475.132968","969241.751929","958475.141316","959242.360693","960008.143338","960774.851032","961541.936846","962308.181397","963091.712185","963858.417406","969251.196272","Mapping"
"Blocked","m160","done","22","m160depth.wav","None","722.703554842","120","972375.478099","964624.956909","965392.074877","966158.643134","966925.17027","967708.489273","968475.132968","969241.751929","973141.733471","959242.360693","960008.143338","960774.851032","961541.936846","962308.181397","963091.712185","963858.417406","972385.063116","Mapping"
"Blocked","m160","done","22","m160cling.wav","None","727.384451602","120","972375.478099","964624.956909","965392.074877","966158.643134","966925.17027","967708.489273","968475.132968","969241.751929","973141.733471","973908.568545","960008.143338","960774.851032","961541.936846","962308.181397","963091.712185","963858.417406","973151.138858","Mapping"
"Blocked","m160","done","22","m160jolt.wav","None","731.643943931","120","972375.478099","964624.956909","965392.074877","966158.643134","966925.17027","967708.489273","968475.132968","969241.751929","973141.733471","973908.568545","974675.209767","960774.851032","961541.936846","962308.181397","963091.712185","963858.417406","973918.207977","Mapping"
"Blocked","m160","done","22","m160done.wav","None","728.536125273","120","972375.478099","964624.956909","965392.074877","966158.643134","966925.17027","967708.489273","968475.132968","969241.751929","973141.733471","973908.568545","974675.209767","975458.808882","961541.936846","962308.181397","963091.712185","963858.417406","974692.166114","Mapping"
"Blocked","m160","done","22","m160ball.wav","space","440.698696475","120","972375.478099","964624.956909","965392.074877","966158.643134","966925.17027","967708.489273","968475.132968","969241.751929","973141.733471","973908.568545","974675.209767","975458.808882","976225.062708","962308.181397","963091.712185","963858.417406","975468.490361","Mapping"
"Blocked","m160","done","22","m160greet.wav","None","723.448664532","120","972375.478099","964624.956909","965392.074877","966158.643134","966925.17027","967708.489273","968475.132968","969241.751929","973141.733471","973908.568545","974675.209767","975458.808882","976225.062708","976991.685998","963091.712185","963858.417406","976233.971252","Mapping"
"Blocked","m160","done","22","m160done.wav","None","727.553260687","120","972375.478099","964624.956909","965392.074877","966158.643134","966925.17027","967708.489273","968475.132968","969241.751929","973141.733471","973908.568545","974675.209767","975458.808882","976225.062708","976991.685998","977757.901177","963858.417406","977001.28802","Mapping"
"Blocked","m160","done","22","m160ball.wav","space","430.133288086","120","972375.478099","964624.956909","965392.074877","966158.643134","966925.17027","967708.489273","968475.132968","969241.751929","973141.733471","973908.568545","974675.209767","975458.808882","976225.062708","976991.685998","977757.901177","978524.638243","977767.047167","Mapping"
"Blocked","m160","done","22","m160romp.wav","None","732.524471881","120","972375.478099","979291.77909","965392.074877","966158.643134","966925.17027","967708.489273","968475.132968","969241.751929","973141.733471","973908.568545","974675.209767","975458.808882","976225.062708","976991.685998","977757.901177","978524.638243","978533.474131","Mapping"
"Blocked","m160","done","22","m160ball.wav","None","735.946102301","120","972375.478099","979291.77909","980075.549797","966158.643134","966925.17027","967708.489273","968475.132968","969241.751929","973141.733471","973908.568545","974675.209767","975458.808882","976225.062708","976991.685998","977757.901177","978524.638243","979301.042566","Mapping"
"Blocked","m160","done","22","m160done.wav","None","722.453742113","120","972375.478099","979291.77909","980075.549797","980841.617809","966925.17027","967708.489273","968475.132968","969241.751929","973141.733471","973908.568545","974675.209767","975458.808882","976225.062708","976991.685998","977757.901177","978524.638243","980085.420491","Mapping"
"Blocked","m160","done","22","m160lash.wav","space","434.099992504","120","972375.478099","979291.77909","980075.549797","980841.617809","981608.310354","967708.489273","968475.132968","969241.751929","973141.733471","973908.568545","974675.209767","975458.808882","976225.062708","976991.685998","977757.901177","978524.638243","980851.016704","Mapping"
"Blocked","m160","done","22","m160bluff.wav","None","727.146696649","120","972375.478099","979291.77909","980075.549797","980841.617809","981608.310354","982374.984966","968475.132968","969241.751929","973141.733471","973908.568545","974675.209767","975458.808882","976225.062708","976991.685998","977757.901177","978524.638243","981617.886405","Mapping"
"Blocked","m160","done","22","m160done.wav","None","731.876752048","120","972375.478099","979291.77909","980075.549797","980841.617809","981608.310354","982374.984966","983141.426462","969241.751929","973141.733471","973908.568545","974675.209767","975458.808882","976225.062708","976991.685998","977757.901177","978524.638243","982384.206395","Mapping"
"Blocked","m160","done","22","m160bluff.wav","space","470.784124394","120","972375.478099","979291.77909","980075.549797","980841.617809","981608.310354","982374.984966","983141.426462","983907.646588","973141.733471","973908.568545","974675.209767","975458.808882","976225.062708","976991.685998","977757.901177","978524.638243","983150.298214","Mapping"
"Blocked","m160","cave","7","m160romp.wav","None","736.191277392","120","987058.639516","979291.77909","980075.549797","980841.617809","981608.310354","982374.984966","983141.426462","983907.646588","973141.733471","973908.568545","974675.209767","975458.808882","976225.062708","976991.685998","977757.901177","978524.638243","983916.715903","Mapping"
"Blocked","m160","cave","7","m160cave.wav","None","721.798292943","120","987058.639516","979291.77909","980075.549797","980841.617809","981608.310354","982374.984966","983141.426462","983907.646588","987824.636419","973908.568545","974675.209767","975458.808882","976225.062708","976991.685998","977757.901177","978524.638243","987068.585958","Mapping"
"Blocked","m160","cave","7","m160lash.wav","space","451.53926994","120","987058.639516","979291.77909","980075.549797","980841.617809","981608.310354","982374.984966","983141.426462","983907.646588","987824.636419","988591.91794","974675.209767","975458.808882","976225.062708","976991.685998","977757.901177","978524.638243","987833.484983","Mapping"
"Blocked","m160","cave","7","m160dime.wav","None","725.503435999","120","987058.639516","979291.77909","980075.549797","980841.617809","981608.310354","982374.984966","983141.426462","983907.646588","987824.636419","988591.91794","989358.113024","975458.808882","976225.062708","976991.685998","977757.901177","978524.638243","988601.464929","Mapping"
"Blocked","m160","cave","7","m160jolt.wav","None","730.038402486","120","987058.639516","979291.77909","980075.549797","980841.617809","981608.310354","982374.984966","983141.426462","983907.646588","987824.636419","988591.91794","989358.113024","990124.483099","976225.062708","976991.685998","977757.901177","978524.638243","989367.797904","Mapping"
"Blocked","m160","cave","7","m160cave.wav","None","734.982715629","120","987058.639516","979291.77909","980075.549797","980841.617809","981608.310354","982374.984966","983141.426462","983907.646588","987824.636419","988591.91794","989358.113024","990124.483099","990907.890836","976991.685998","977757.901177","978524.638243","990133.900235","Mapping"
"Blocked","m160","cave","7","m160dime.wav","space","440.090860124","120","987058.639516","979291.77909","980075.549797","980841.617809","981608.310354","982374.984966","983141.426462","983907.646588","987824.636419","988591.91794","989358.113024","990124.483099","990907.890836","991674.741059","977757.901177","978524.638243","990916.8742","Mapping"
"Blocked","m160","cave","7","m160gnash.wav","None","722.378922044","120","987058.639516","979291.77909","980075.549797","980841.617809","981608.310354","982374.984966","983141.426462","983907.646588","987824.636419","988591.91794","989358.113024","990124.483099","990907.890836","991674.741059","992441.102787","978524.638243","991683.911164","Mapping"
"Blocked","m160","cave","7","m160depth.wav","None","727.446904755","120","987058.639516","979291.77909","980075.549797","980841.617809","981608.310354","982374.984966","983141.426462","983907.646588","987824.636419","988591.91794","989358.113024","990124.483099","990907.890836","991674.741059","992441.102787","993207.809554","992449.942076","Mapping"
"Blocked","m160","cave","7","m160cave.wav","None","731.574070582","120","987058.639516","993974.449539","980075.549797","980841.617809","981608.310354","982374.984966","983141.426462","983907.646588","987824.636419","988591.91794","989358.113024","990124.483099","990907.890836","991674.741059","992441.102787","993207.809554","993216.719953","Mapping"
"Blocked","m160","cave","7","m160gnash.wav","space","389.148543647","120","987058.639516","993974.449539","994740.977293","980841.617809","981608.310354","982374.984966","983141.426462","983907.646588","987824.636419","988591.91794","989358.113024","990124.483099","990907.890836","991674.741059","992441.102787","993207.809554","993983.772994","Mapping"
"Blocked","m160","cave","7","m160cad.wav","None","735.488215345","120","987058.639516","993974.449539","994740.977293","995524.783864","981608.310354","982374.984966","983141.426462","983907.646588","987824.636419","988591.91794","989358.113024","990124.483099","990907.890836","991674.741059","992441.102787","993207.809554","994749.706516","Mapping"
"Blocked","m160","cave","7","m160ball.wav","None","722.189089051","120","987058.639516","993974.449539","994740.977293","995524.783864","996291.141573","982374.984966","983141.426462","983907.646588","987824.636419","988591.91794","989358.113024","990124.483099","990907.890836","991674.741059","992441.102787","993207.809554","995534.066509","Mapping"
"Blocked","m160","cave","7","m160cave.wav","None","727.367756132","120","987058.639516","993974.449539","994740.977293","995524.783864","996291.141573","997058.044047","983141.426462","983907.646588","987824.636419","988591.91794","989358.113024","990124.483099","990907.890836","991674.741059","992441.102787","993207.809554","996300.337649","Mapping"
"Blocked","m160","cave","7","m160done.wav","space","489.21152245","120","987058.639516","993974.449539","994740.977293","995524.783864","996291.141573","997058.044047","997824.342085","983907.646588","987824.636419","988591.91794","989358.113024","990124.483099","990907.890836","991674.741059","992441.102787","993207.809554","997067.67544","Mapping"
"Blocked","m160","cave","7","m160romp.wav","None","731.465241231","120","987058.639516","993974.449539","994740.977293","995524.783864","996291.141573","997058.044047","997824.342085","998590.874168","987824.636419","988591.91794","989358.113024","990124.483099","990907.890836","991674.741059","992441.102787","993207.809554","997833.274436","Mapping"
"Blocked","m160","ball","2","m160romp.wav","None","735.814703279","120","1001741.71251","993974.449539","994740.977293","995524.783864","996291.141573","997058.044047","997824.342085","998590.874168","987824.636419","988591.91794","989358.113024","990124.483099","990907.890836","991674.741059","992441.102787","993207.809554","998599.855368","Mapping"
"Blocked","m160","ball","2","m160greet.wav","None","721.637522336","120","1001741.71251","993974.449539","994740.977293","995524.783864","996291.141573","997058.044047","997824.342085","998590.874168","1002508.07517","988591.91794","989358.113024","990124.483099","990907.890836","991674.741059","992441.102787","993207.809554","1001751.70038","Mapping"
"Blocked","m160","ball","2","m160bluff.wav","None","726.975414145","120","1001741.71251","993974.449539","994740.977293","995524.783864","996291.141573","997058.044047","997824.342085","998590.874168","1002508.07517","1003274.68207","989358.113024","990124.483099","990907.890836","991674.741059","992441.102787","993207.809554","1002517.43881","Mapping"
"Blocked","m160","ball","2","m160knife.wav","None","731.991455657","120","1001741.71251","993974.449539","994740.977293","995524.783864","996291.141573","997058.044047","997824.342085","998590.874168","1002508.07517","1003274.68207","1004041.35204","990124.483099","990907.890836","991674.741059","992441.102787","993207.809554","1003283.67162","Mapping"
"Blocked","m160","ball","2","m160ball.wav","None","735.897252744","120","1001741.71251","993974.449539","994740.977293","995524.783864","996291.141573","997058.044047","997824.342085","998590.874168","1002508.07517","1003274.68207","1004041.35204","1004824.24902","990907.890836","991674.741059","992441.102787","993207.809554","1004050.90181","Mapping"
"Blocked","m160","ball","2","m160cave.wav","space","459.259657771","120","1001741.71251","993974.449539","994740.977293","995524.783864","996291.141573","997058.044047","997824.342085","998590.874168","1002508.07517","1003274.68207","1004041.35204","1004824.24902","1005591.46531","991674.741059","992441.102787","993207.809554","1004833.49797","Mapping"
"Blocked","m160","ball","2","m160knife.wav","None","721.91732499","120","1001741.71251","993974.449539","994740.977293","995524.783864","996291.141573","997058.044047","997824.342085","998590.874168","1002508.07517","1003274.68207","1004041.35204","1004824.24902","1005591.46531","1006358.02707","992441.102787","993207.809554","1005602.15593","Mapping"
"Blocked","m160","ball","2","m160jaw.wav","None","727.909120091","120","1001741.71251","993974.449539","994740.977293","995524.783864","996291.141573","997058.044047","997824.342085","998590.874168","1002508.07517","1003274.68207","1004041.35204","1004824.24902","1005591.46531","1006358.02707","1007124.28708","993207.809554","1006367.33043","Mapping"
"Blocked","m160","ball","2","m160ball.wav","None","732.769337832","120","1001741.71251","993974.449539","994740.977293","995524.783864","996291.141573","997058.044047","997824.342085","998590.874168","1002508.07517","1003274.68207","1004041.35204","1004824.24902","1005591.46531","1006358.02707","1007124.28708","1007908.40777","1007133.51779","Mapping"
"Blocked","m160","ball","2","m160depth.wav","space","469.980889931","120","1001741.71251","1008674.84834","994740.977293","995524.783864","996291.141573","997058.044047","997824.342085","998590.874168","1002508.07517","1003274.68207","1004041.35204","1004824.24902","1005591.46531","1006358.02707","1007124.28708","1007908.40777","1007918.70668","Mapping"
"Blocked","m160","ball","2","m160ball.wav","None","718.890819175","120","1001741.71251","1008674.84834","1009441.47936","995524.783864","996291.141573","997058.044047","997824.342085","998590.874168","1002508.07517","1003274.68207","1004041.35204","1004824.24902","1005591.46531","1006358.02707","1007124.28708","1007908.40777","1008684.72213","Mapping"
"Blocked","m160","ball","2","m160knife.wav","None","723.243372922","120","1001741.71251","1008674.84834","1009441.47936","1010207.56809","996291.141573","997058.044047","997824.342085","998590.874168","1002508.07517","1003274.68207","1004041.35204","1004824.24902","1005591.46531","1006358.02707","1007124.28708","1007908.40777","1009451.58967","Mapping"
"Blocked","m160","ball","2","m160jolt.wav","space","0.033390824683","120","1001741.71251","1008674.84834","1009441.47936","1010207.56809","1010974.48726","997058.044047","997824.342085","998590.874168","1002508.07517","1003274.68207","1004041.35204","1004824.24902","1005591.46531","1006358.02707","1007124.28708","1007908.40777","1010216.51033","Mapping"
"Blocked","m160","ball","2","m160ball.wav","None","727.481841401","120","1001741.71251","1008674.84834","1009441.47936","1010207.56809","1010974.48726","1011741.16465","997824.342085","998590.874168","1002508.07517","1003274.68207","1004041.35204","1004824.24902","1005591.46531","1006358.02707","1007124.28708","1007908.40777","1010983.94861","Mapping"
"Blocked","m160","ball","2","m160greet.wav","space","445.52923349","120","1001741.71251","1008674.84834","1009441.47936","1010207.56809","1010974.48726","1011741.16465","1012507.92398","998590.874168","1002508.07517","1003274.68207","1004041.35204","1004824.24902","1005591.46531","1006358.02707","1007124.28708","1007908.40777","1011751.13212","Mapping"
"Blocked","m160","ball","2","m160knife.wav","None","730.741155392","120","1001741.71251","1008674.84834","1009441.47936","1010207.56809","1010974.48726","1011741.16465","1012507.92398","1013273.86554","1002508.07517","1003274.68207","1004041.35204","1004824.24902","1005591.46531","1006358.02707","1007124.28708","1007908.40777","1012517.52724","Mapping"
"Blocked","m160","cave","10","m160lash.wav","None","736.973488005","120","1016424.82044","1008674.84834","1009441.47936","1010207.56809","1010974.48726","1011741.16465","1012507.92398","1013273.86554","1002508.07517","1003274.68207","1004041.35204","1004824.24902","1005591.46531","1006358.02707","1007124.28708","1007908.40777","1013282.60713","Mapping"
"Blocked","m160","cave","10","m160park.wav","None","722.618222761","120","1016424.82044","1008674.84834","1009441.47936","1010207.56809","1010974.48726","1011741.16465","1012507.92398","1013273.86554","1017190.87145","1003274.68207","1004041.35204","1004824.24902","1005591.46531","1006358.02707","1007124.28708","1007908.40777","1016434.51861","Mapping"
"Blocked","m160","cave","10","m160park.wav","None","727.997853071","120","1016424.82044","1008674.84834","1009441.47936","1010207.56809","1010974.48726","1011741.16465","1012507.92398","1013273.86554","1017190.87145","1017957.87935","1004041.35204","1004824.24902","1005591.46531","1006358.02707","1007124.28708","1007908.40777","1017200.32043","Mapping"
"Blocked","m160","cave","10","m160dime.wav","None","732.156863844","120","1016424.82044","1008674.84834","1009441.47936","1010207.56809","1010974.48726","1011741.16465","1012507.92398","1013273.86554","1017190.87145","1017957.87935","1018740.90649","1004824.24902","1005591.46531","1006358.02707","1007124.28708","1007908.40777","1017967.20744","Mapping"
"Blocked","m160","cave","10","m160romp.wav","None","720.701961371","120","1016424.82044","1008674.84834","1009441.47936","1010207.56809","1010974.48726","1011741.16465","1012507.92398","1013273.86554","1017190.87145","1017957.87935","1018740.90649","1019507.77187","1005591.46531","1006358.02707","1007124.28708","1007908.40777","1018750.05434","Mapping"
"Blocked","m160","cave","10","m160cad.wav","None","724.711640971","120","1016424.82044","1008674.84834","1009441.47936","1010207.56809","1010974.48726","1011741.16465","1012507.92398","1013273.86554","1017190.87145","1017957.87935","1018740.90649","1019507.77187","1020274.37506","1006358.02707","1007124.28708","1007908.40777","1019517.09316","Mapping"
"Blocked","m160","cave","10","m160bluff.wav","None","729.390991852","120","1016424.82044","1008674.84834","1009441.47936","1010207.56809","1010974.48726","1011741.16465","1012507.92398","1013273.86554","1017190.87145","1017957.87935","1018740.90649","1019507.77187","1020274.37506","1021040.96279","1007124.28708","1007908.40777","1020283.7823","Mapping"
"Blocked","m160","cave","10","m160cave.wav","None","734.298822412","120","1016424.82044","1008674.84834","1009441.47936","1010207.56809","1010974.48726","1011741.16465","1012507.92398","1013273.86554","1017190.87145","1017957.87935","1018740.90649","1019507.77187","1020274.37506","1021040.96279","1021824.74494","1007908.40777","1021050.53761","Mapping"
"Blocked","m160","cave","10","m160done.wav","space","434.010022786","120","1016424.82044","1008674.84834","1009441.47936","1010207.56809","1010974.48726","1011741.16465","1012507.92398","1013273.86554","1017190.87145","1017957.87935","1018740.90649","1019507.77187","1020274.37506","1021040.96279","1021824.74494","1022591.61186","1021834.5102","Mapping"
"Blocked","m160","cave","10","m160cave.wav","None","720.193060697","120","1016424.82044","1023357.67894","1009441.47936","1010207.56809","1010974.48726","1011741.16465","1012507.92398","1013273.86554","1017190.87145","1017957.87935","1018740.90649","1019507.77187","1020274.37506","1021040.96279","1021824.74494","1022591.61186","1022601.61055","Mapping"
"Blocked","m160","cave","10","m160park.wav","None","725.951120141","120","1016424.82044","1023357.67894","1024123.94699","1010207.56809","1010974.48726","1011741.16465","1012507.92398","1013273.86554","1017190.87145","1017957.87935","1018740.90649","1019507.77187","1020274.37506","1021040.96279","1021824.74494","1022591.61186","1023366.98539","Mapping"
"Blocked","m160","cave","10","m160cave.wav","None","732.321344491","120","1016424.82044","1023357.67894","1024123.94699","1024891.03064","1010974.48726","1011741.16465","1012507.92398","1013273.86554","1017190.87145","1017957.87935","1018740.90649","1019507.77187","1020274.37506","1021040.96279","1021824.74494","1022591.61186","1024132.75474","Mapping"
"Blocked","m160","cave","10","m160gnash.wav","space","424.06481778","120","1016424.82044","1023357.67894","1024123.94699","1024891.03064","1025657.28323","1011741.16465","1012507.92398","1013273.86554","1017190.87145","1017957.87935","1018740.90649","1019507.77187","1020274.37506","1021040.96279","1021824.74494","1022591.61186","1024900.37296","Mapping"
"Blocked","m160","cave","10","m160cave.wav","None","735.675884061","120","1016424.82044","1023357.67894","1024123.94699","1024891.03064","1025657.28323","1026441.33219","1012507.92398","1013273.86554","1017190.87145","1017957.87935","1018740.90649","1019507.77187","1020274.37506","1021040.96279","1021824.74494","1022591.61186","1025666.25732","Mapping"
"Blocked","m160","cave","10","m160tile.wav","None","722.138075333","120","1016424.82044","1023357.67894","1024123.94699","1024891.03064","1025657.28323","1026441.33219","1027207.66888","1013273.86554","1017190.87145","1017957.87935","1018740.90649","1019507.77187","1020274.37506","1021040.96279","1021824.74494","1022591.61186","1026451.04305","Mapping"
"Blocked","m160","cave","10","m160bluff.wav","space","90.9698576434","120","1016424.82044","1023357.67894","1024123.94699","1024891.03064","1025657.28323","1026441.33219","1027207.66888","1027974.25352","1017190.87145","1017957.87935","1018740.90649","1019507.77187","1020274.37506","1021040.96279","1021824.74494","1022591.61186","1027217.43476","Mapping"
"Blocked","m160","done","24","m160knife.wav","None","727.262327797","120","1031108.01834","1023357.67894","1024123.94699","1024891.03064","1025657.28323","1026441.33219","1027207.66888","1027974.25352","1017190.87145","1017957.87935","1018740.90649","1019507.77187","1020274.37506","1021040.96279","1021824.74494","1022591.61186","1027983.33149","Mapping"
"Blocked","m160","done","24","m160jolt.wav","None","722.094790894","120","1031108.01834","1023357.67894","1024123.94699","1024891.03064","1025657.28323","1026441.33219","1027207.66888","1027974.25352","1031874.16674","1017957.87935","1018740.90649","1019507.77187","1020274.37506","1021040.96279","1021824.74494","1022591.61186","1031117.71651","Mapping"
"Blocked","m160","done","24","m160done.wav","None","727.646940446","120","1031108.01834","1023357.67894","1024123.94699","1024891.03064","1025657.28323","1026441.33219","1027207.66888","1027974.25352","1031874.16674","1032640.96162","1018740.90649","1019507.77187","1020274.37506","1021040.96279","1021824.74494","1022591.61186","1031883.59129","Mapping"
"Blocked","m160","done","24","m160tile.wav","space","345.766153652","120","1031108.01834","1023357.67894","1024123.94699","1024891.03064","1025657.28323","1026441.33219","1027207.66888","1027974.25352","1031874.16674","1032640.96162","1033407.5104","1019507.77187","1020274.37506","1021040.96279","1021824.74494","1022591.61186","1032650.57941","Mapping"
"Blocked","m160","done","24","m160done.wav","None","730.983547866","120","1031108.01834","1023357.67894","1024123.94699","1024891.03064","1025657.28323","1026441.33219","1027207.66888","1027974.25352","1031874.16674","1032640.96162","1033407.5104","1034173.75464","1020274.37506","1021040.96279","1021824.74494","1022591.61186","1033417.36099","Mapping"
"Blocked","m160","done","24","m160cling.wav","space","397.342586308","120","1031108.01834","1023357.67894","1024123.94699","1024891.03064","1025657.28323","1026441.33219","1027207.66888","1027974.25352","1031874.16674","1032640.96162","1033407.5104","1034173.75464","1034940.63578","1021040.96279","1021824.74494","1022591.61186","1034182.95844","Mapping"
"Blocked","m160","done","24","m160done.wav","None","735.553760314","120","1031108.01834","1023357.67894","1024123.94699","1024891.03064","1025657.28323","1026441.33219","1027207.66888","1027974.25352","1031874.16674","1032640.96162","1033407.5104","1034173.75464","1034940.63578","1035724.51037","1021824.74494","1022591.61186","1034949.99386","Mapping"
"Blocked","m160","done","24","m160dime.wav","space","405.862498505","120","1031108.01834","1023357.67894","1024123.94699","1024891.03064","1025657.28323","1026441.33219","1027207.66888","1027974.25352","1031874.16674","1032640.96162","1033407.5104","1034173.75464","1034940.63578","1035724.51037","1036490.60899","1022591.61186","1035734.4565","Mapping"
"Blocked","m160","done","24","m160ball.wav","None","723.209363758","120","1031108.01834","1023357.67894","1024123.94699","1024891.03064","1025657.28323","1026441.33219","1027207.66888","1027974.25352","1031874.16674","1032640.96162","1033407.5104","1034173.75464","1034940.63578","1035724.51037","1036490.60899","1037257.55227","1036500.19277","Mapping"
"Blocked","m160","done","24","m160tile.wav","None","727.621588157","120","1031108.01834","1038023.71026","1024123.94699","1024891.03064","1025657.28323","1026441.33219","1027207.66888","1027974.25352","1031874.16674","1032640.96162","1033407.5104","1034173.75464","1034940.63578","1035724.51037","1036490.60899","1037257.55227","1037266.95148","Mapping"
"Blocked","m160","done","24","m160cling.wav","None","733.006474446","120","1031108.01834","1038023.71026","1038808.06592","1024891.03064","1025657.28323","1026441.33219","1027207.66888","1027974.25352","1031874.16674","1032640.96162","1033407.5104","1034173.75464","1034940.63578","1035724.51037","1036490.60899","1037257.55227","1038032.80431","Mapping"
"Blocked","m160","done","24","m160jaw.wav","None","719.748777454","120","1031108.01834","1038023.71026","1038808.06592","1039573.70047","1025657.28323","1026441.33219","1027207.66888","1027974.25352","1031874.16674","1032640.96162","1033407.5104","1034173.75464","1034940.63578","1035724.51037","1036490.60899","1037257.55227","1038818.17251","Mapping"
"Blocked","m160","done","24","m160jaw.wav","None","726.139716455","120","1031108.01834","1038023.71026","1038808.06592","1039573.70047","1040340.72878","1026441.33219","1027207.66888","1027974.25352","1031874.16674","1032640.96162","1033407.5104","1034173.75464","1034940.63578","1035724.51037","1036490.60899","1037257.55227","1039583.07649","Mapping"
"Blocked","m160","done","24","m160done.wav","None","729.770039383","120","1031108.01834","1038023.71026","1038808.06592","1039573.70047","1040340.72878","1041106.85523","1027207.66888","1027974.25352","1031874.16674","1032640.96162","1033407.5104","1034173.75464","1034940.63578","1035724.51037","1036490.60899","1037257.55227","1040350.67368","Mapping"
"Blocked","m160","done","24","m160bluff.wav","space","405.995752546","120","1031108.01834","1038023.71026","1038808.06592","1039573.70047","1040340.72878","1041106.85523","1041874.02699","1027974.25352","1031874.16674","1032640.96162","1033407.5104","1034173.75464","1034940.63578","1035724.51037","1036490.60899","1037257.55227","1041110.20142","Mapping"
"Blocked","m160","done","24","m160gnash.wav","None","734.105279378","120","1031108.01834","1038023.71026","1038808.06592","1039573.70047","1040340.72878","1041106.85523","1041874.02699","1042657.74081","1031874.16674","1032640.96162","1033407.5104","1034173.75464","1034940.63578","1035724.51037","1036490.60899","1037257.55227","1041883.51864","Mapping"
"Blocked","m160","tile","15","m160greet.wav","None","721.200040891","120","1045790.83224","1038023.71026","1038808.06592","1039573.70047","1040340.72878","1041106.85523","1041874.02699","1042657.74081","1031874.16674","1032640.96162","1033407.5104","1034173.75464","1034940.63578","1035724.51037","1036490.60899","1037257.55227","1042667.63376","Mapping"
"Blocked","m160","tile","15","m160tile.wav","None","721.935257025","120","1045790.83224","1038023.71026","1038808.06592","1039573.70047","1040340.72878","1041106.85523","1041874.02699","1042657.74081","1046557.36556","1032640.96162","1033407.5104","1034173.75464","1034940.63578","1035724.51037","1036490.60899","1037257.55227","1045801.37756","Mapping"
"Blocked","m160","tile","15","m160gnash.wav","space","405.182624527","120","1045790.83224","1038023.71026","1038808.06592","1039573.70047","1040340.72878","1041106.85523","1041874.02699","1042657.74081","1046557.36556","1047323.96752","1033407.5104","1034173.75464","1034940.63578","1035724.51037","1036490.60899","1037257.55227","1046566.96882","Mapping"
"Blocked","m160","tile","15","m160jolt.wav","None","726.756209682","120","1045790.83224","1038023.71026","1038808.06592","1039573.70047","1040340.72878","1041106.85523","1041874.02699","1042657.74081","1046557.36556","1047323.96752","1048090.96584","1034173.75464","1034940.63578","1035724.51037","1036490.60899","1037257.55227","1047333.48236","Mapping"
"Blocked","m160","tile","15","m160cave.wav","None","731.219756941","120","1045790.83224","1038023.71026","1038808.06592","1039573.70047","1040340.72878","1041106.85523","1041874.02699","1042657.74081","1046557.36556","1047323.96752","1048090.96584","1048874.27","1034940.63578","1035724.51037","1036490.60899","1037257.55227","1048100.44017","Mapping"
"Blocked","m160","tile","15","m160park.wav","None","719.109405298","120","1045790.83224","1038023.71026","1038808.06592","1039573.70047","1040340.72878","1041106.85523","1041874.02699","1042657.74081","1046557.36556","1047323.96752","1048090.96584","1048874.27","1049640.57299","1035724.51037","1036490.60899","1037257.55227","1048884.1812","Mapping"
"Blocked","m160","tile","15","m160tile.wav","None","724.301366892","120","1045790.83224","1038023.71026","1038808.06592","1039573.70047","1040340.72878","1041106.85523","1041874.02699","1042657.74081","1046557.36556","1047323.96752","1048090.96584","1048874.27","1049640.57299","1050406.78105","1036490.60899","1037257.55227","1049650.43039","Mapping"
"Blocked","m160","tile","15","m160jaw.wav","space","492.446411634","120","1045790.83224","1038023.71026","1038808.06592","1039573.70047","1040340.72878","1041106.85523","1041874.02699","1042657.74081","1046557.36556","1047323.96752","1048090.96584","1048874.27","1049640.57299","1050406.78105","1051173.88295","1037257.55227","1050415.61014","Mapping"
"Blocked","m160","tile","15","m160done.wav","None","728.58250147","120","1045790.83224","1038023.71026","1038808.06592","1039573.70047","1040340.72878","1041106.85523","1041874.02699","1042657.74081","1046557.36556","1047323.96752","1048090.96584","1048874.27","1049640.57299","1050406.78105","1051173.88295","1051940.54705","1051183.36717","Mapping"
"Blocked","m160","tile","15","m160tile.wav","None","734.03200513","120","1045790.83224","1052724.20676","1038808.06592","1039573.70047","1040340.72878","1041106.85523","1041874.02699","1042657.74081","1046557.36556","1047323.96752","1048090.96584","1048874.27","1049640.57299","1050406.78105","1051173.88295","1051940.54705","1051949.96789","Mapping"
"Blocked","m160","tile","15","m160depth.wav","space","397.802946565","120","1045790.83224","1052724.20676","1053490.66495","1039573.70047","1040340.72878","1041106.85523","1041874.02699","1042657.74081","1046557.36556","1047323.96752","1048090.96584","1048874.27","1049640.57299","1050406.78105","1051173.88295","1051940.54705","1052734.25708","Mapping"
"Blocked","m160","tile","15","m160cling.wav","None","722.253397282","120","1045790.83224","1052724.20676","1053490.66495","1054257.28762","1040340.72878","1041106.85523","1041874.02699","1042657.74081","1046557.36556","1047323.96752","1048090.96584","1048874.27","1049640.57299","1050406.78105","1051173.88295","1051940.54705","1053499.9275","Mapping"
"Blocked","m160","tile","15","m160bluff.wav","None","727.125054458","120","1045790.83224","1052724.20676","1053490.66495","1054257.28762","1055023.80734","1041106.85523","1041874.02699","1042657.74081","1046557.36556","1047323.96752","1048090.96584","1048874.27","1049640.57299","1050406.78105","1051173.88295","1051940.54705","1054266.54955","Mapping"
"Blocked","m160","tile","15","m160greet.wav","None","731.968576787","120","1045790.83224","1052724.20676","1053490.66495","1054257.28762","1055023.80734","1055806.7071","1041874.02699","1042657.74081","1046557.36556","1047323.96752","1048090.96584","1048874.27","1049640.57299","1050406.78105","1051173.88295","1051940.54705","1055033.2421","Mapping"
"Blocked","m160","tile","15","m160tile.wav","None","721.601039812","120","1045790.83224","1052724.20676","1053490.66495","1054257.28762","1055023.80734","1055806.7071","1056573.8093","1042657.74081","1046557.36556","1047323.96752","1048090.96584","1048874.27","1049640.57299","1050406.78105","1051173.88295","1051940.54705","1055815.62306","Mapping"
"Blocked","m160","tile","15","m160ball.wav","space","389.233875729","120","1045790.83224","1052724.20676","1053490.66495","1054257.28762","1055023.80734","1055806.7071","1056573.8093","1057340.46907","1046557.36556","1047323.96752","1048090.96584","1048874.27","1049640.57299","1050406.78105","1051173.88295","1051940.54705","1056582.76979","Mapping"
"Blocked","m160","tile","18","m160park.wav","None","724.507586041","120","1060474.06137","1052724.20676","1053490.66495","1054257.28762","1055023.80734","1055806.7071","1056573.8093","1057340.46907","1046557.36556","1047323.96752","1048090.96584","1048874.27","1049640.57299","1050406.78105","1051173.88295","1051940.54705","1057350.08068","Mapping"
"Blocked","m160","tile","18","m160lash.wav","None","722.61791362","120","1060474.06137","1052724.20676","1053490.66495","1054257.28762","1055023.80734","1055806.7071","1056573.8093","1057340.46907","1061240.05209","1047323.96752","1048090.96584","1048874.27","1049640.57299","1050406.78105","1051173.88295","1051940.54705","1060483.92217","Mapping"
"Blocked","m160","tile","18","m160priest.wav","None","729.254336911","120","1060474.06137","1052724.20676","1053490.66495","1054257.28762","1055023.80734","1055806.7071","1056573.8093","1057340.46907","1061240.05209","1062006.86305","1048090.96584","1048874.27","1049640.57299","1050406.78105","1051173.88295","1051940.54705","1061248.85459","Mapping"
"Blocked","m160","tile","18","m160dime.wav","None","733.578137413","120","1060474.06137","1052724.20676","1053490.66495","1054257.28762","1055023.80734","1055806.7071","1056573.8093","1057340.46907","1061240.05209","1062006.86305","1062790.26027","1048874.27","1049640.57299","1050406.78105","1051173.88295","1051940.54705","1062016.43075","Mapping"
"Blocked","m160","tile","18","m160bluff.wav","None","722.462708189","120","1060474.06137","1052724.20676","1053490.66495","1054257.28762","1055023.80734","1055806.7071","1056573.8093","1057340.46907","1061240.05209","1062006.86305","1062790.26027","1063557.08236","1049640.57299","1050406.78105","1051173.88295","1051940.54705","1062799.50643","Mapping"
"Blocked","m160","tile","18","m160gnash.wav","None","727.227700292","120","1060474.06137","1052724.20676","1053490.66495","1054257.28762","1055023.80734","1055806.7071","1056573.8093","1057340.46907","1061240.05209","1062006.86305","1062790.26027","1063557.08236","1064323.36958","1050406.78105","1051173.88295","1051940.54705","1063566.54371","Mapping"
"Blocked","m160","tile","18","m160tile.wav","None","732.962880866","120","1060474.06137","1052724.20676","1053490.66495","1054257.28762","1055023.80734","1055806.7071","1056573.8093","1057340.46907","1061240.05209","1062006.86305","1062790.26027","1063557.08236","1064323.36958","1065107.43245","1051173.88295","1051940.54705","1064332.23948","Mapping"
"Blocked","m160","tile","18","m160depth.wav","space","494.207776792","120","1060474.06137","1052724.20676","1053490.66495","1054257.28762","1055023.80734","1055806.7071","1056573.8093","1057340.46907","1061240.05209","1062006.86305","1062790.26027","1063557.08236","1064323.36958","1065107.43245","1065873.71843","1051940.54705","1065117.66581","Mapping"
"Blocked","m160","tile","18","m160tile.wav","None","719.834418676","120","1060474.06137","1052724.20676","1053490.66495","1054257.28762","1055023.80734","1055806.7071","1056573.8093","1057340.46907","1061240.05209","1062006.86305","1062790.26027","1063557.08236","1064323.36958","1065107.43245","1065873.71843","1066640.1049","1065883.26357","Mapping"
"Blocked","m160","tile","18","m160park.wav","space","506.491265958","120","1060474.06137","1067407.47793","1053490.66495","1054257.28762","1055023.80734","1055806.7071","1056573.8093","1057340.46907","1061240.05209","1062006.86305","1062790.26027","1063557.08236","1064323.36958","1065107.43245","1065873.71843","1066640.1049","1066649.35662","Mapping"
"Blocked","m160","tile","18","m160cad.wav","None","722.799398878","120","1060474.06137","1067407.47793","1068173.29335","1054257.28762","1055023.80734","1055806.7071","1056573.8093","1057340.46907","1061240.05209","1062006.86305","1062790.26027","1063557.08236","1064323.36958","1065107.43245","1065873.71843","1066640.1049","1067417.37985","Mapping"
"Blocked","m160","tile","18","m160tile.wav","None","729.706349492","120","1060474.06137","1067407.47793","1068173.29335","1068939.90984","1055023.80734","1055806.7071","1056573.8093","1057340.46907","1061240.05209","1062006.86305","1062790.26027","1063557.08236","1064323.36958","1065107.43245","1065873.71843","1066640.1049","1068182.23931","Mapping"
"Blocked","m160","tile","18","m160jaw.wav","space","734.985807387","120","1060474.06137","1067407.47793","1068173.29335","1068939.90984","1069723.70713","1055806.7071","1056573.8093","1057340.46907","1061240.05209","1062006.86305","1062790.26027","1063557.08236","1064323.36958","1065107.43245","1065873.71843","1066640.1049","1068948.83415","Mapping"
"Blocked","m160","tile","18","m160lash.wav","None","723.220494052","120","1060474.06137","1067407.47793","1068173.29335","1068939.90984","1069723.70713","1070489.90129","1056573.8093","1057340.46907","1061240.05209","1062006.86305","1062790.26027","1063557.08236","1064323.36958","1065107.43245","1065873.71843","1066640.1049","1069732.61939","Mapping"
"Blocked","m160","tile","18","m160tile.wav","None","728.94423519","120","1060474.06137","1067407.47793","1068173.29335","1068939.90984","1069723.70713","1070489.90129","1071256.70081","1057340.46907","1061240.05209","1062006.86305","1062790.26027","1063557.08236","1064323.36958","1065107.43245","1065873.71843","1066640.1049","1070498.66514","Mapping"
"Blocked","m160","tile","18","m160done.wav","space","514.290493215","120","1060474.06137","1067407.47793","1068173.29335","1068939.90984","1069723.70713","1070489.90129","1071256.70081","1072023.20352","1061240.05209","1062006.86305","1062790.26027","1063557.08236","1064323.36958","1065107.43245","1065873.71843","1066640.1049","1071265.45508","Mapping"
"Blocked","m160","done","20","m160cad.wav","None","732.758825936","120","1075173.92283","1067407.47793","1068173.29335","1068939.90984","1069723.70713","1070489.90129","1071256.70081","1072023.20352","1061240.05209","1062006.86305","1062790.26027","1063557.08236","1064323.36958","1065107.43245","1065873.71843","1066640.1049","1072032.2617","Mapping"
"Blocked","m160","done","20","m160cling.wav","None","722.671400756","120","1075173.92283","1067407.47793","1068173.29335","1068939.90984","1069723.70713","1070489.90129","1071256.70081","1072023.20352","1075940.19644","1062006.86305","1062790.26027","1063557.08236","1064323.36958","1065107.43245","1065873.71843","1066640.1049","1075183.50383","Mapping"
"Blocked","m160","done","20","m160done.wav","None","728.164497938","120","1075173.92283","1067407.47793","1068173.29335","1068939.90984","1069723.70713","1070489.90129","1071256.70081","1072023.20352","1075940.19644","1076706.90661","1062790.26027","1063557.08236","1064323.36958","1065107.43245","1065873.71843","1066640.1049","1075949.61667","Mapping"
"Blocked","m160","done","20","m160reek.wav","space","423.177178716","120","1075173.92283","1067407.47793","1068173.29335","1068939.90984","1069723.70713","1070489.90129","1071256.70081","1072023.20352","1075940.19644","1076706.90661","1077473.49991","1063557.08236","1064323.36958","1065107.43245","1065873.71843","1066640.1049","1076716.5312","Mapping"
"Blocked","m160","done","20","m160bluff.wav","None","731.856346538","120","1075173.92283","1067407.47793","1068173.29335","1068939.90984","1069723.70713","1070489.90129","1071256.70081","1072023.20352","1075940.19644","1076706.90661","1077473.49991","1078256.60435","1064323.36958","1065107.43245","1065873.71843","1066640.1049","1077483.12388","Mapping"
"Blocked","m160","done","20","m160done.wav","None","721.106051991","120","1075173.92283","1067407.47793","1068173.29335","1068939.90984","1069723.70713","1070489.90129","1071256.70081","1072023.20352","1075940.19644","1076706.90661","1077473.49991","1078256.60435","1079023.48116","1065107.43245","1065873.71843","1066640.1049","1078265.48383","Mapping"
"Blocked","m160","done","20","m160cad.wav","space","506.773232773","120","1075173.92283","1067407.47793","1068173.29335","1068939.90984","1069723.70713","1070489.90129","1071256.70081","1072023.20352","1075940.19644","1076706.90661","1077473.49991","1078256.60435","1079023.48116","1079790.14","1065873.71843","1066640.1049","1079032.89551","Mapping"
"Blocked","m160","done","20","m160tile.wav","None","724.993298645","120","1075173.92283","1067407.47793","1068173.29335","1068939.90984","1069723.70713","1070489.90129","1071256.70081","1072023.20352","1075940.19644","1076706.90661","1077473.49991","1078256.60435","1079023.48116","1079790.14","1080556.59417","1066640.1049","1079799.49499","Mapping"
"Blocked","m160","done","20","m160done.wav","None","730.091889622","120","1075173.92283","1067407.47793","1068173.29335","1068939.90984","1069723.70713","1070489.90129","1071256.70081","1072023.20352","1075940.19644","1076706.90661","1077473.49991","1078256.60435","1079023.48116","1079790.14","1080556.59417","1081323.00723","1080565.74233","Mapping"
"Blocked","m160","done","20","m160reek.wav","space","431.523644249","120","1075173.92283","1082090.06954","1068173.29335","1068939.90984","1069723.70713","1070489.90129","1071256.70081","1072023.20352","1075940.19644","1076706.90661","1077473.49991","1078256.60435","1079023.48116","1079790.14","1080556.59417","1081323.00723","1081332.10653","Mapping"
"Blocked","m160","done","20","m160bluff.wav","None","739.649699477","120","1075173.92283","1082090.06954","1082873.29889","1068939.90984","1069723.70713","1070489.90129","1071256.70081","1072023.20352","1075940.19644","1076706.90661","1077473.49991","1078256.60435","1079023.48116","1079790.14","1080556.59417","1081323.00723","1082093.87795","Mapping"
"Blocked","m160","done","20","m160jaw.wav","None","723.289749061","120","1075173.92283","1082090.06954","1082873.29889","1083639.86158","1069723.70713","1070489.90129","1071256.70081","1072023.20352","1075940.19644","1076706.90661","1077473.49991","1078256.60435","1079023.48116","1079790.14","1080556.59417","1081323.00723","1082882.21825","Mapping"
"Blocked","m160","done","20","m160done.wav","None","727.889023779","120","1075173.92283","1082090.06954","1082873.29889","1083639.86158","1084407.09641","1070489.90129","1071256.70081","1072023.20352","1075940.19644","1076706.90661","1077473.49991","1078256.60435","1079023.48116","1079790.14","1080556.59417","1081323.00723","1083649.39929","Mapping"
"Blocked","m160","done","20","m160romp.wav","space","466.779700713","120","1075173.92283","1082090.06954","1082873.29889","1083639.86158","1084407.09641","1085173.49926","1071256.70081","1072023.20352","1075940.19644","1076706.90661","1077473.49991","1078256.60435","1079023.48116","1079790.14","1080556.59417","1081323.00723","1084416.79799","Mapping"
"Blocked","m160","done","20","m160knife.wav","None","731.963630009","120","1075173.92283","1082090.06954","1082873.29889","1083639.86158","1084407.09641","1085173.49926","1085956.5363","1072023.20352","1075940.19644","1076706.90661","1077473.49991","1078256.60435","1079023.48116","1079790.14","1080556.59417","1081323.00723","1085182.85209","Mapping"
"Blocked","m160","done","20","m160cling.wav","None","721.617426025","120","1075173.92283","1082090.06954","1082873.29889","1083639.86158","1084407.09641","1085173.49926","1085956.5363","1086723.02664","1075940.19644","1076706.90661","1077473.49991","1078256.60435","1079023.48116","1079790.14","1080556.59417","1081323.00723","1085965.39754","Mapping"
"Blocked","m160","cave","8","m160done.wav","None","726.314399799","120","1089873.60311","1082090.06954","1082873.29889","1083639.86158","1084407.09641","1085173.49926","1085956.5363","1086723.02664","1075940.19644","1076706.90661","1077473.49991","1078256.60435","1079023.48116","1079790.14","1080556.59417","1081323.00723","1086732.16707","Mapping"
"Blocked","m160","cave","8","m160cling.wav","None","721.358956478","120","1089873.60311","1082090.06954","1082873.29889","1083639.86158","1084407.09641","1085173.49926","1085956.5363","1086723.02664","1090639.98957","1076706.90661","1077473.49991","1078256.60435","1079023.48116","1079790.14","1080556.59417","1081323.00723","1089883.72269","Mapping"
"Blocked","m160","cave","8","m160cling.wav","None","726.98407108","120","1089873.60311","1082090.06954","1082873.29889","1083639.86158","1084407.09641","1085173.49926","1085956.5363","1086723.02664","1090639.98957","1091406.76065","1077473.49991","1078256.60435","1079023.48116","1079790.14","1080556.59417","1081323.00723","1090649.56779","Mapping"
"Blocked","m160","cave","8","m160romp.wav","None","732.321035292","120","1089873.60311","1082090.06954","1082873.29889","1083639.86158","1084407.09641","1085173.49926","1085956.5363","1086723.02664","1090639.98957","1091406.76065","1092190.40336","1078256.60435","1079023.48116","1079790.14","1080556.59417","1081323.00723","1091415.99568","Mapping"
"Blocked","m160","cave","8","m160done.wav","None","719.5564711","120","1089873.60311","1082090.06954","1082873.29889","1083639.86158","1084407.09641","1085173.49926","1085956.5363","1086723.02664","1090639.98957","1091406.76065","1092190.40336","1092956.69459","1079023.48116","1079790.14","1080556.59417","1081323.00723","1092200.33898","Mapping"
"Blocked","m160","cave","8","m160cave.wav","None","725.939062366","120","1089873.60311","1082090.06954","1082873.29889","1083639.86158","1084407.09641","1085173.49926","1085956.5363","1086723.02664","1090639.98957","1091406.76065","1092190.40336","1092956.69459","1093722.96172","1079790.14","1080556.59417","1081323.00723","1092965.94323","Mapping"
"Blocked","m160","cave","8","m160done.wav","space","487.102336367","120","1089873.60311","1082090.06954","1082873.29889","1083639.86158","1084407.09641","1085173.49926","1085956.5363","1086723.02664","1090639.98957","1091406.76065","1092190.40336","1092956.69459","1093722.96172","1094489.92479","1080556.59417","1081323.00723","1093732.35072","Mapping"
"Blocked","m160","cave","8","m160gnash.wav","None","729.917824559","120","1089873.60311","1082090.06954","1082873.29889","1083639.86158","1084407.09641","1085173.49926","1085956.5363","1086723.02664","1090639.98957","1091406.76065","1092190.40336","1092956.69459","1093722.96172","1094489.92479","1095256.0435","1081323.00723","1094499.36109","Mapping"
"Blocked","m160","cave","8","m160cave.wav","None","736.050293955","120","1089873.60311","1082090.06954","1082873.29889","1083639.86158","1084407.09641","1085173.49926","1085956.5363","1086723.02664","1090639.98957","1091406.76065","1092190.40336","1092956.69459","1093722.96172","1094489.92479","1095256.0435","1096040.27983","1095264.90815","Mapping"
"Blocked","m160","cave","8","m160cad.wav","space","441.450608021","120","1089873.60311","1096806.85983","1082873.29889","1083639.86158","1084407.09641","1085173.49926","1085956.5363","1086723.02664","1090639.98957","1091406.76065","1092190.40336","1092956.69459","1093722.96172","1094489.92479","1095256.0435","1096040.27983","1096049.94925","Mapping"
"Blocked","m160","cave","8","m160cave.wav","None","721.213335404","120","1089873.60311","1096806.85983","1097573.50755","1083639.86158","1084407.09641","1085173.49926","1085956.5363","1086723.02664","1090639.98957","1091406.76065","1092190.40336","1092956.69459","1093722.96172","1094489.92479","1095256.0435","1096040.27983","1096817.19212","Mapping"
"Blocked","m160","cave","8","m160jaw.wav","space","556.353018794","120","1089873.60311","1096806.85983","1097573.50755","1098339.82754","1084407.09641","1085173.49926","1085956.5363","1086723.02664","1090639.98957","1091406.76065","1092190.40336","1092956.69459","1093722.96172","1094489.92479","1095256.0435","1096040.27983","1097583.03475","Mapping"
"Blocked","m160","cave","8","m160depth.wav","None","726.229067775","120","1089873.60311","1096806.85983","1097573.50755","1098339.82754","1099106.58624","1085173.49926","1085956.5363","1086723.02664","1090639.98957","1091406.76065","1092190.40336","1092956.69459","1093722.96172","1094489.92479","1095256.0435","1096040.27983","1098349.25426","Mapping"
"Blocked","m160","cave","8","m160cave.wav","None","731.642398052","120","1089873.60311","1096806.85983","1097573.50755","1098339.82754","1099106.58624","1099890.32109","1085956.5363","1086723.02664","1090639.98957","1091406.76065","1092190.40336","1092956.69459","1093722.96172","1094489.92479","1095256.0435","1096040.27983","1099115.82808","Mapping"
"Blocked","m160","cave","8","m160park.wav","space","503.085712669","120","1089873.60311","1096806.85983","1097573.50755","1098339.82754","1099106.58624","1099890.32109","1100639.69895","1086723.02664","1090639.98957","1091406.76065","1092190.40336","1092956.69459","1093722.96172","1094489.92479","1095256.0435","1096040.27983","1099900.25423","Mapping"
"Blocked","m160","cave","8","m160park.wav","None","736.467988288","120","1089873.60311","1096806.85983","1097573.50755","1098339.82754","1099106.58624","1099890.32109","1100639.69895","1101423.50274","1090639.98957","1091406.76065","1092190.40336","1092956.69459","1093722.96172","1094489.92479","1095256.0435","1096040.27983","1100648.7828","Mapping"
"Blocked","m160","tile","13","m160greet.wav","None","723.618710355","120","1104556.96055","1096806.85983","1097573.50755","1098339.82754","1099106.58624","1099890.32109","1100639.69895","1101423.50274","1090639.98957","1091406.76065","1092190.40336","1092956.69459","1093722.96172","1094489.92479","1095256.0435","1096040.27983","1101433.24791","Mapping"
"Blocked","m160","tile","13","m160jolt.wav","None","722.087679955","120","1104556.96055","1096806.85983","1097573.50755","1098339.82754","1099106.58624","1099890.32109","1100639.69895","1101423.50274","1105323.13584","1091406.76065","1092190.40336","1092956.69459","1093722.96172","1094489.92479","1095256.0435","1096040.27983","1104566.81083","Mapping"
"Blocked","m160","tile","13","m160priest.wav","None","728.160169558","120","1104556.96055","1096806.85983","1097573.50755","1098339.82754","1099106.58624","1099890.32109","1100639.69895","1101423.50274","1105323.13584","1106090.10664","1092190.40336","1092956.69459","1093722.96172","1094489.92479","1095256.0435","1096040.27983","1105332.53164","Mapping"
"Blocked","m160","tile","13","m160tile.wav","None","732.86641849","120","1104556.96055","1096806.85983","1097573.50755","1098339.82754","1099106.58624","1099890.32109","1100639.69895","1101423.50274","1105323.13584","1106090.10664","1106873.60899","1092956.69459","1093722.96172","1094489.92479","1095256.0435","1096040.27983","1106099.66971","Mapping"
"Blocked","m160","tile","13","m160park.wav","space","543.97801403","120","1104556.96055","1096806.85983","1097573.50755","1098339.82754","1099106.58624","1099890.32109","1100639.69895","1101423.50274","1105323.13584","1106090.10664","1106873.60899","1107640.01214","1093722.96172","1094489.92479","1095256.0435","1096040.27983","1106883.26511","Mapping"
"Blocked","m160","tile","13","m160tile.wav","None","720.289213874","120","1104556.96055","1096806.85983","1097573.50755","1098339.82754","1099106.58624","1099890.32109","1100639.69895","1101423.50274","1105323.13584","1106090.10664","1106873.60899","1107640.01214","1108405.91537","1094489.92479","1095256.0435","1096040.27983","1107650.19263","Mapping"
"Blocked","m160","tile","13","m160reek.wav","space","564.276843157","120","1104556.96055","1096806.85983","1097573.50755","1098339.82754","1099106.58624","1099890.32109","1100639.69895","1101423.50274","1105323.13584","1106090.10664","1106873.60899","1107640.01214","1108405.91537","1109172.64409","1095256.0435","1096040.27983","1108414.94202","Mapping"
"Blocked","m160","tile","13","m160priest.wav","None","726.863493095","120","1104556.96055","1096806.85983","1097573.50755","1098339.82754","1099106.58624","1099890.32109","1100639.69895","1101423.50274","1105323.13584","1106090.10664","1106873.60899","1107640.01214","1108405.91537","1109172.64409","1109939.6625","1096040.27983","1109181.52449","Mapping"
"Blocked","m160","tile","13","m160tile.wav","None","731.03919928","120","1104556.96055","1096806.85983","1097573.50755","1098339.82754","1099106.58624","1099890.32109","1100639.69895","1101423.50274","1105323.13584","1106090.10664","1106873.60899","1107640.01214","1108405.91537","1109172.64409","1109939.6625","1110723.3151","1109949.08489","Mapping"
"Blocked","m160","tile","13","m160cling.wav","space","478.075687715","120","1104556.96055","1111472.61103","1097573.50755","1098339.82754","1099106.58624","1099890.32109","1100639.69895","1101423.50274","1105323.13584","1106090.10664","1106873.60899","1107640.01214","1108405.91537","1109172.64409","1109939.6625","1110723.3151","1110733.13014","Mapping"
"Blocked","m160","tile","13","m160reek.wav","None","736.7150184","120","1104556.96055","1111472.61103","1112256.86807","1098339.82754","1099106.58624","1099890.32109","1100639.69895","1101423.50274","1105323.13584","1106090.10664","1106873.60899","1107640.01214","1108405.91537","1109172.64409","1109939.6625","1110723.3151","1111481.50938","Mapping"
"Blocked","m160","tile","13","m160tile.wav","None","723.502770066","120","1104556.96055","1111472.61103","1112256.86807","1113022.91413","1099106.58624","1099890.32109","1100639.69895","1101423.50274","1105323.13584","1106090.10664","1106873.60899","1107640.01214","1108405.91537","1109172.64409","1109939.6625","1110723.3151","1112266.64107","Mapping"
"Blocked","m160","tile","13","m160done.wav","space","498.594339704","120","1104556.96055","1111472.61103","1112256.86807","1113022.91413","1113789.24618","1099890.32109","1100639.69895","1101423.50274","1105323.13584","1106090.10664","1106873.60899","1107640.01214","1108405.91537","1109172.64409","1109939.6625","1110723.3151","1113032.57799","Mapping"
"Blocked","m160","tile","13","m160cad.wav","None","730.480830767","120","1104556.96055","1111472.61103","1112256.86807","1113022.91413","1113789.24618","1114556.01045","1100639.69895","1101423.50274","1105323.13584","1106090.10664","1106873.60899","1107640.01214","1108405.91537","1109172.64409","1109939.6625","1110723.3151","1113797.97015","Mapping"
"Blocked","m160","tile","13","m160lash.wav","None","734.904185403","120","1104556.96055","1111472.61103","1112256.86807","1113022.91413","1113789.24618","1114556.01045","1115339.91318","1101423.50274","1105323.13584","1106090.10664","1106873.60899","1107640.01214","1108405.91537","1109172.64409","1109939.6625","1110723.3151","1114565.43748","Mapping"
"Blocked","m160","tile","13","m160priest.wav","None","722.202692705","120","1104556.96055","1111472.61103","1112256.86807","1113022.91413","1113789.24618","1114556.01045","1115339.91318","1116106.18494","1105323.13584","1106090.10664","1106873.60899","1107640.01214","1108405.91537","1109172.64409","1109939.6625","1110723.3151","1115350.53609","Mapping"
"Blocked","m160","tile","16","m160gnash.wav","None","728.608781239","120","1119239.01296","1111472.61103","1112256.86807","1113022.91413","1113789.24618","1114556.01045","1115339.91318","1116106.18494","1105323.13584","1106090.10664","1106873.60899","1107640.01214","1108405.91537","1109172.64409","1109939.6625","1110723.3151","1116115.92083","Mapping"
"Blocked","m160","tile","16","m160jolt.wav","None","725.568671769","120","1119239.01296","1111472.61103","1112256.86807","1113022.91413","1113789.24618","1114556.01045","1115339.91318","1116106.18494","1120006.18719","1106090.10664","1106873.60899","1107640.01214","1108405.91537","1109172.64409","1109939.6625","1110723.3151","1119247.79474","Mapping"
"Blocked","m160","tile","16","m160jolt.wav","None","729.628746747","120","1119239.01296","1111472.61103","1112256.86807","1113022.91413","1113789.24618","1114556.01045","1115339.91318","1116106.18494","1120006.18719","1120772.48183","1106873.60899","1107640.01214","1108405.91537","1109172.64409","1109939.6625","1110723.3151","1120015.6504","Mapping"
"Blocked","m160","tile","16","m160tile.wav","None","736.098525173","120","1119239.01296","1111472.61103","1112256.86807","1113022.91413","1113789.24618","1114556.01045","1115339.91318","1116106.18494","1120006.18719","1120772.48183","1121555.87473","1107640.01214","1108405.91537","1109172.64409","1109939.6625","1110723.3151","1120782.04892","Mapping"
"Blocked","m160","tile","16","m160jaw.wav","space","453.97092466","120","1119239.01296","1111472.61103","1112256.86807","1113022.91413","1113789.24618","1114556.01045","1115339.91318","1116106.18494","1120006.18719","1120772.48183","1121555.87473","1122322.40155","1108405.91537","1109172.64409","1109939.6625","1110723.3151","1121565.07451","Mapping"
"Blocked","m160","tile","16","m160cling.wav","None","726.262767741","120","1119239.01296","1111472.61103","1112256.86807","1113022.91413","1113789.24618","1114556.01045","1115339.91318","1116106.18494","1120006.18719","1120772.48183","1121555.87473","1122322.40155","1123089.07122","1109172.64409","1109939.6625","1110723.3151","1122331.25012","Mapping"
"Blocked","m160","tile","16","m160greet.wav","None","737.086954876","120","1119239.01296","1111472.61103","1112256.86807","1113022.91413","1113789.24618","1114556.01045","1115339.91318","1116106.18494","1120006.18719","1120772.48183","1121555.87473","1122322.40155","1123089.07122","1123873.15512","1109939.6625","1110723.3151","1123092.45575","Mapping"
"Blocked","m160","tile","16","m160reek.wav","None","719.207722694","120","1119239.01296","1111472.61103","1112256.86807","1113022.91413","1113789.24618","1114556.01045","1115339.91318","1116106.18494","1120006.18719","1120772.48183","1121555.87473","1122322.40155","1123089.07122","1123873.15512","1124639.27693","1110723.3151","1123882.89565","Mapping"
"Blocked","m160","tile","16","m160gnash.wav","None","726.635940955","120","1119239.01296","1111472.61103","1112256.86807","1113022.91413","1113789.24618","1114556.01045","1115339.91318","1116106.18494","1120006.18719","1120772.48183","1121555.87473","1122322.40155","1123089.07122","1123873.15512","1124639.27693","1125405.75089","1124647.62247","Mapping"
"Blocked","m160","tile","16","m160tile.wav","None","731.741024589","120","1119239.01296","1126172.7962","1112256.86807","1113022.91413","1113789.24618","1114556.01045","1115339.91318","1116106.18494","1120006.18719","1120772.48183","1121555.87473","1122322.40155","1123089.07122","1123873.15512","1124639.27693","1125405.75089","1125414.5673","Mapping"
"Blocked","m160","tile","16","m160done.wav","space","444.108269061","120","1119239.01296","1126172.7962","1126939.14309","1113022.91413","1113789.24618","1114556.01045","1115339.91318","1116106.18494","1120006.18719","1120772.48183","1121555.87473","1122322.40155","1123089.07122","1123873.15512","1124639.27693","1125405.75089","1126182.87806","Mapping"
"Blocked","m160","tile","16","m160tile.wav","None","736.953700893","120","1119239.01296","1126172.7962","1126939.14309","1127722.44725","1113789.24618","1114556.01045","1115339.91318","1116106.18494","1120006.18719","1120772.48183","1121555.87473","1122322.40155","1123089.07122","1123873.15512","1124639.27693","1125405.75089","1126947.81666","Mapping"
"Blocked","m160","tile","16","m160romp.wav","None","725.380075513","120","1119239.01296","1126172.7962","1126939.14309","1127722.44725","1128489.40878","1114556.01045","1115339.91318","1116106.18494","1120006.18719","1120772.48183","1121555.87473","1122322.40155","1123089.07122","1123873.15512","1124639.27693","1125405.75089","1127731.29891","Mapping"
"Blocked","m160","tile","16","m160romp.wav","space","320.110573026","120","1119239.01296","1126172.7962","1126939.14309","1127722.44725","1128489.40878","1129255.64251","1115339.91318","1116106.18494","1120006.18719","1120772.48183","1121555.87473","1122322.40155","1123089.07122","1123873.15512","1124639.27693","1125405.75089","1128498.82189","Mapping"
"Blocked","m160","tile","16","m160tile.wav","None","730.482067447","120","1119239.01296","1126172.7962","1126939.14309","1127722.44725","1128489.40878","1129255.64251","1130022.4714","1116106.18494","1120006.18719","1120772.48183","1121555.87473","1122322.40155","1123089.07122","1123873.15512","1124639.27693","1125405.75089","1129264.69729","Mapping"
"Blocked","m160","tile","16","m160cave.wav","space","490.694012493","120","1119239.01296","1126172.7962","1126939.14309","1127722.44725","1128489.40878","1129255.64251","1130022.4714","1130789.27493","1120006.18719","1120772.48183","1121555.87473","1122322.40155","1123089.07122","1123873.15512","1124639.27693","1125405.75089","1130032.19925","Mapping"
"Blocked","m160","cave","9","m160tile.wav","None","734.258011449","120","1133939.79266","1126172.7962","1126939.14309","1127722.44725","1128489.40878","1129255.64251","1130022.4714","1130789.27493","1120006.18719","1120772.48183","1121555.87473","1122322.40155","1123089.07122","1123873.15512","1124639.27693","1125405.75089","1130798.70258","Mapping"
"Blocked","m160","cave","9","m160cave.wav","None","721.630411339","120","1133939.79266","1126172.7962","1126939.14309","1127722.44725","1128489.40878","1129255.64251","1130022.4714","1130789.27493","1134706.04711","1120772.48183","1121555.87473","1122322.40155","1123089.07122","1123873.15512","1124639.27693","1125405.75089","1133949.72797","Mapping"
"Blocked","m160","cave","9","m160park.wav","None","733.260924753","120","1133939.79266","1126172.7962","1126939.14309","1127722.44725","1128489.40878","1129255.64251","1130022.4714","1130789.27493","1134706.04711","1135472.64473","1121555.87473","1122322.40155","1123089.07122","1123873.15512","1124639.27693","1125405.75089","1134710.00763","Mapping"
"Blocked","m160","cave","9","m160cad.wav","None","733.256287174","120","1133939.79266","1126172.7962","1126939.14309","1127722.44725","1128489.40878","1129255.64251","1130022.4714","1130789.27493","1134706.04711","1135472.64473","1136255.71052","1122322.40155","1123089.07122","1123873.15512","1124639.27693","1125405.75089","1135482.26562","Mapping"
"Blocked","m160","cave","9","m160cave.wav","None","722.885040042","120","1133939.79266","1126172.7962","1126939.14309","1127722.44725","1128489.40878","1129255.64251","1130022.4714","1130789.27493","1134706.04711","1135472.64473","1136255.71052","1137022.64732","1123089.07122","1123873.15512","1124639.27693","1125405.75089","1136264.49231","Mapping"
"Blocked","m160","cave","9","m160cling.wav","space","442.617740482","120","1133939.79266","1126172.7962","1126939.14309","1127722.44725","1128489.40878","1129255.64251","1130022.4714","1130789.27493","1134706.04711","1135472.64473","1136255.71052","1137022.64732","1137789.25948","1123873.15512","1124639.27693","1125405.75089","1137032.17946","Mapping"
"Blocked","m160","cave","9","m160lash.wav","None","726.849271101","120","1133939.79266","1126172.7962","1126939.14309","1127722.44725","1128489.40878","1129255.64251","1130022.4714","1130789.27493","1134706.04711","1135472.64473","1136255.71052","1137022.64732","1137789.25948","1138555.94707","1124639.27693","1125405.75089","1137798.93724","Mapping"
"Blocked","m160","cave","9","m160park.wav","None","732.351025217","120","1133939.79266","1126172.7962","1126939.14309","1127722.44725","1128489.40878","1129255.64251","1130022.4714","1130789.27493","1134706.04711","1135472.64473","1136255.71052","1137022.64732","1137789.25948","1138555.94707","1139339.01348","1125405.75089","1138565.37039","Mapping"
"Blocked","m160","cave","9","m160bluff.wav","None","721.431921527","120","1133939.79266","1126172.7962","1126939.14309","1127722.44725","1128489.40878","1129255.64251","1130022.4714","1130789.27493","1134706.04711","1135472.64473","1136255.71052","1137022.64732","1137789.25948","1138555.94707","1139339.01348","1140105.89493","1139348.44917","Mapping"
"Blocked","m160","cave","9","m160greet.wav","None","726.734876633","120","1133939.79266","1140872.22636","1126939.14309","1127722.44725","1128489.40878","1129255.64251","1130022.4714","1130789.27493","1134706.04711","1135472.64473","1136255.71052","1137022.64732","1137789.25948","1138555.94707","1139339.01348","1140105.89493","1140115.31701","Mapping"
"Blocked","m160","cave","9","m160cave.wav","None","732.904756092","120","1133939.79266","1140872.22636","1141655.87649","1127722.44725","1128489.40878","1129255.64251","1130022.4714","1130789.27493","1134706.04711","1135472.64473","1136255.71052","1137022.64732","1137789.25948","1138555.94707","1139339.01348","1140105.89493","1140881.05174","Mapping"
"Blocked","m160","cave","9","m160greet.wav","space","521.57123544","120","1133939.79266","1140872.22636","1141655.87649","1142423.00497","1128489.40878","1129255.64251","1130022.4714","1130789.27493","1134706.04711","1135472.64473","1136255.71052","1137022.64732","1137789.25948","1138555.94707","1139339.01348","1140105.89493","1141665.20025","Mapping"
"Blocked","m160","cave","9","m160done.wav","None","718.94461551","120","1133939.79266","1140872.22636","1141655.87649","1142423.00497","1143189.08813","1129255.64251","1130022.4714","1130789.27493","1134706.04711","1135472.64473","1136255.71052","1137022.64732","1137789.25948","1138555.94707","1139339.01348","1140105.89493","1142433.14712","Mapping"
"Blocked","m160","cave","9","m160cave.wav","None","725.330916815","120","1133939.79266","1140872.22636","1141655.87649","1142423.00497","1143189.08813","1143955.80696","1130022.4714","1130789.27493","1134706.04711","1135472.64473","1136255.71052","1137022.64732","1137789.25948","1138555.94707","1139339.01348","1140105.89493","1143198.73282","Mapping"
"Blocked","m160","cave","9","m160priest.wav","space","573.487141286","120","1133939.79266","1140872.22636","1141655.87649","1142423.00497","1143189.08813","1143955.80696","1144722.09294","1130789.27493","1134706.04711","1135472.64473","1136255.71052","1137022.64732","1137789.25948","1138555.94707","1139339.01348","1140105.89493","1143965.20832","Mapping"
"Blocked","m160","cave","9","m160cad.wav","None","730.180313461","120","1133939.79266","1140872.22636","1141655.87649","1142423.00497","1143189.08813","1143955.80696","1144722.09294","1145488.73725","1134706.04711","1135472.64473","1136255.71052","1137022.64732","1137789.25948","1138555.94707","1139339.01348","1140105.89493","1144731.27355","Mapping"
"Blocked","m160","cave","12","m160done.wav","None","735.567673109","120","1148639.41266","1140872.22636","1141655.87649","1142423.00497","1143189.08813","1143955.80696","1144722.09294","1145488.73725","1134706.04711","1135472.64473","1136255.71052","1137022.64732","1137789.25948","1138555.94707","1139339.01348","1140105.89493","1145497.929","Mapping"
"Blocked","m160","cave","12","m160cave.wav","None","721.584653598","120","1148639.41266","1140872.22636","1141655.87649","1142423.00497","1143189.08813","1143955.80696","1144722.09294","1145488.73725","1149405.27661","1135472.64473","1136255.71052","1137022.64732","1137789.25948","1138555.94707","1139339.01348","1140105.89493","1148649.50812","Mapping"
"Blocked","m160","cave","12","m160greet.wav","space","452.121444803","120","1148639.41266","1140872.22636","1141655.87649","1142423.00497","1143189.08813","1143955.80696","1144722.09294","1145488.73725","1149405.27661","1150172.42612","1136255.71052","1137022.64732","1137789.25948","1138555.94707","1139339.01348","1140105.89493","1149414.51134","Mapping"
"Blocked","m160","cave","12","m160done.wav","None","726.766103238","120","1148639.41266","1140872.22636","1141655.87649","1142423.00497","1143189.08813","1143955.80696","1144722.09294","1145488.73725","1149405.27661","1150172.42612","1150938.53927","1137022.64732","1137789.25948","1138555.94707","1139339.01348","1140105.89493","1150181.64878","Mapping"
"Blocked","m160","cave","12","m160greet.wav","None","735.875919752","120","1148639.41266","1140872.22636","1141655.87649","1142423.00497","1143189.08813","1143955.80696","1144722.09294","1145488.73725","1149405.27661","1150172.42612","1150938.53927","1151722.76384","1137789.25948","1138555.94707","1139339.01348","1140105.89493","1150947.2923","Mapping"
"Blocked","m160","cave","12","m160cave.wav","None","722.957386868","120","1148639.41266","1140872.22636","1141655.87649","1142423.00497","1143189.08813","1143955.80696","1144722.09294","1145488.73725","1149405.27661","1150172.42612","1150938.53927","1151722.76384","1152489.07796","1138555.94707","1139339.01348","1140105.89493","1151732.70936","Mapping"
"Blocked","m160","cave","12","m160reek.wav","space","440.111265576","120","1148639.41266","1140872.22636","1141655.87649","1142423.00497","1143189.08813","1143955.80696","1144722.09294","1145488.73725","1149405.27661","1150172.42612","1150938.53927","1151722.76384","1152489.07796","1153255.77112","1139339.01348","1140105.89493","1152498.46603","Mapping"
"Blocked","m160","cave","12","m160done.wav","None","729.435822112","120","1148639.41266","1140872.22636","1141655.87649","1142423.00497","1143189.08813","1143955.80696","1144722.09294","1145488.73725","1149405.27661","1150172.42612","1150938.53927","1151722.76384","1152489.07796","1153255.77112","1154022.00733","1140105.89493","1153265.04202","Mapping"
"Blocked","m160","cave","12","m160dime.wav","None","735.400100704","120","1148639.41266","1140872.22636","1141655.87649","1142423.00497","1143189.08813","1143955.80696","1144722.09294","1145488.73725","1149405.27661","1150172.42612","1150938.53927","1151722.76384","1152489.07796","1153255.77112","1154022.00733","1154806.08319","1154031.11807","Mapping"
"Blocked","m160","cave","12","m160lash.wav","None","722.588542092","120","1148639.41266","1155572.32805","1141655.87649","1142423.00497","1143189.08813","1143955.80696","1144722.09294","1145488.73725","1149405.27661","1150172.42612","1150938.53927","1151722.76384","1152489.07796","1153255.77112","1154022.00733","1154806.08319","1154816.23647","Mapping"
"Blocked","m160","cave","12","m160cave.wav","None","729.101295641","120","1148639.41266","1155572.32805","1156338.50396","1142423.00497","1143189.08813","1143955.80696","1144722.09294","1145488.73725","1149405.27661","1150172.42612","1150938.53927","1151722.76384","1152489.07796","1153255.77112","1154022.00733","1154806.08319","1155581.78167","Mapping"
"Blocked","m160","cave","12","m160done.wav","space","415.32755614","120","1148639.41266","1155572.32805","1156338.50396","1157105.20516","1143189.08813","1143955.80696","1144722.09294","1145488.73725","1149405.27661","1150172.42612","1150938.53927","1151722.76384","1152489.07796","1153255.77112","1154022.00733","1154806.08319","1156347.18681","Mapping"
"Blocked","m160","cave","12","m160priest.wav","None","734.340251714","120","1148639.41266","1155572.32805","1156338.50396","1157105.20516","1157889.22506","1143955.80696","1144722.09294","1145488.73725","1149405.27661","1150172.42612","1150938.53927","1151722.76384","1152489.07796","1153255.77112","1154022.00733","1154806.08319","1157114.09547","Mapping"
"Blocked","m160","cave","12","m160bluff.wav","None","722.417259589","120","1148639.41266","1155572.32805","1156338.50396","1157105.20516","1157889.22506","1158655.20032","1144722.09294","1145488.73725","1149405.27661","1150172.42612","1150938.53927","1151722.76384","1152489.07796","1153255.77112","1154022.00733","1154806.08319","1157898.423","Mapping"
"Blocked","m160","cave","12","m160cave.wav","None","728.814072907","120","1148639.41266","1155572.32805","1156338.50396","1157105.20516","1157889.22506","1158655.20032","1159421.89256","1145488.73725","1149405.27661","1150172.42612","1150938.53927","1151722.76384","1152489.07796","1153255.77112","1154022.00733","1154806.08319","1158664.06991","Mapping"
"Blocked","m160","cave","12","m160bluff.wav","space","547.401499469","120","1148639.41266","1155572.32805","1156338.50396","1157105.20516","1157889.22506","1158655.20032","1159421.89256","1160188.94931","1149405.27661","1150172.42612","1150938.53927","1151722.76384","1152489.07796","1153255.77112","1154022.00733","1154806.08319","1159431.05803","Mapping"
"Blocked","m160","done","19","m160lash.wav","None","732.70595714","120","1163339.2534","1155572.32805","1156338.50396","1157105.20516","1157889.22506","1158655.20032","1159421.89256","1160188.94931","1149405.27661","1150172.42612","1150938.53927","1151722.76384","1152489.07796","1153255.77112","1154022.00733","1154806.08319","1160198.36181","Mapping"
"Blocked","m160","done","19","m160dime.wav","None","721.451090358","120","1163339.2534","1155572.32805","1156338.50396","1157105.20516","1157889.22506","1158655.20032","1159421.89256","1160188.94931","1164105.60431","1150172.42612","1150938.53927","1151722.76384","1152489.07796","1153255.77112","1154022.00733","1154806.08319","1163349.43791","Mapping"
"Blocked","m160","done","19","m160reek.wav","None","733.422004501","120","1163339.2534","1155572.32805","1156338.50396","1157105.20516","1157889.22506","1158655.20032","1159421.89256","1160188.94931","1164105.60431","1164872.2412","1150938.53927","1151722.76384","1152489.07796","1153255.77112","1154022.00733","1154806.08319","1164109.42632","Mapping"
"Blocked","m160","done","19","m160knife.wav","None","733.915137243","120","1163339.2534","1155572.32805","1156338.50396","1157105.20516","1157889.22506","1158655.20032","1159421.89256","1160188.94931","1164105.60431","1164872.2412","1165655.31503","1151722.76384","1152489.07796","1153255.77112","1154022.00733","1154806.08319","1164881.27527","Mapping"
"Blocked","m160","done","19","m160done.wav","None","723.033134534","120","1163339.2534","1155572.32805","1156338.50396","1157105.20516","1157889.22506","1158655.20032","1159421.89256","1160188.94931","1164105.60431","1164872.2412","1165655.31503","1166421.76363","1152489.07796","1153255.77112","1154022.00733","1154806.08319","1165664.35281","Mapping"
"Blocked","m160","done","19","m160lash.wav","space","459.541006188","120","1163339.2534","1155572.32805","1156338.50396","1157105.20516","1157889.22506","1158655.20032","1159421.89256","1160188.94931","1164105.60431","1164872.2412","1165655.31503","1166421.76363","1167188.83275","1153255.77112","1154022.00733","1154806.08319","1166430.84068","Mapping"
"Blocked","m160","done","19","m160priest.wav","None","726.415190613","120","1163339.2534","1155572.32805","1156338.50396","1157105.20516","1157889.22506","1158655.20032","1159421.89256","1160188.94931","1164105.60431","1164872.2412","1165655.31503","1166421.76363","1167188.83275","1167955.35494","1154022.00733","1154806.08319","1167199.07817","Mapping"
"Blocked","m160","done","19","m160done.wav","None","732.961334987","120","1163339.2534","1155572.32805","1156338.50396","1157105.20516","1157889.22506","1158655.20032","1159421.89256","1160188.94931","1164105.60431","1164872.2412","1165655.31503","1166421.76363","1167188.83275","1167955.35494","1168739.22273","1154806.08319","1167964.79959","Mapping"
"Blocked","m160","done","19","m160cling.wav","space","437.021997408","120","1163339.2534","1155572.32805","1156338.50396","1157105.20516","1157889.22506","1158655.20032","1159421.89256","1160188.94931","1164105.60431","1164872.2412","1165655.31503","1166421.76363","1167188.83275","1167955.35494","1168739.22273","1169505.69205","1168749.3083","Mapping"
"Blocked","m160","done","19","m160done.wav","None","719.590171066","120","1163339.2534","1170271.74089","1156338.50396","1157105.20516","1157889.22506","1158655.20032","1159421.89256","1160188.94931","1164105.60431","1164872.2412","1165655.31503","1166421.76363","1167188.83275","1167955.35494","1168739.22273","1169505.69205","1169515.79339","Mapping"
"Blocked","m160","done","19","m160park.wav","space","593.27459638","120","1163339.2534","1170271.74089","1171038.80538","1157105.20516","1157889.22506","1158655.20032","1159421.89256","1160188.94931","1164105.60431","1164872.2412","1165655.31503","1166421.76363","1167188.83275","1167955.35494","1168739.22273","1169505.69205","1170281.03962","Mapping"
"Blocked","m160","done","19","m160done.wav","None","725.41346628","120","1163339.2534","1170271.74089","1171038.80538","1171805.47875","1157889.22506","1158655.20032","1159421.89256","1160188.94931","1164105.60431","1164872.2412","1165655.31503","1166421.76363","1167188.83275","1167955.35494","1168739.22273","1169505.69205","1171048.19592","Mapping"
"Blocked","m160","done","19","m160ball.wav","space","579.21923016","120","1163339.2534","1170271.74089","1171038.80538","1171805.47875","1172572.11688","1158655.20032","1159421.89256","1160188.94931","1164105.60431","1164872.2412","1165655.31503","1166421.76363","1167188.83275","1167955.35494","1168739.22273","1169505.69205","1171815.06964","Mapping"
"Blocked","m160","done","19","m160ball.wav","None","730.456406018","120","1163339.2534","1170271.74089","1171038.80538","1171805.47875","1172572.11688","1173338.80448","1159421.89256","1160188.94931","1164105.60431","1164872.2412","1165655.31503","1166421.76363","1167188.83275","1167955.35494","1168739.22273","1169505.69205","1172581.64996","Mapping"
"Blocked","m160","done","19","m160cling.wav","None","735.703400569","120","1163339.2534","1170271.74089","1171038.80538","1171805.47875","1172572.11688","1173338.80448","1174122.0635","1160188.94931","1164105.60431","1164872.2412","1165655.31503","1166421.76363","1167188.83275","1167955.35494","1168739.22273","1169505.69205","1173348.49709","Mapping"
"Blocked","m160","done","19","m160depth.wav","None","725.292579213","120","1163339.2534","1170271.74089","1171038.80538","1171805.47875","1172572.11688","1173338.80448","1174122.0635","1174888.76007","1164105.60431","1164872.2412","1165655.31503","1166421.76363","1167188.83275","1167955.35494","1168739.22273","1169505.69205","1174131.3885","Mapping"
"Blocked","m150","tile","18","m150greet.wav","None","730.418686697","120","1202205.48271","1170271.74089","1171038.80538","1171805.47875","1172572.11688","1173338.80448","1174122.0635","1174888.76007","1164105.60431","1164872.2412","1165655.31503","1166421.76363","1167188.83275","1167955.35494","1168739.22273","1169505.69205","1174898.33272","Mapping"
"Blocked","m150","tile","18","m150park.wav","None","722.042231297","120","1202205.48271","1170271.74089","1171038.80538","1171805.47875","1172572.11688","1173338.80448","1174122.0635","1174888.76007","1202971.30988","1164872.2412","1165655.31503","1166421.76363","1167188.83275","1167955.35494","1168739.22273","1169505.69205","1202215.30455","Mapping"
"Blocked","m150","tile","18","m150ball.wav","None","729.680688004","120","1202205.48271","1170271.74089","1171038.80538","1171805.47875","1172572.11688","1173338.80448","1174122.0635","1174888.76007","1202971.30988","1203738.30325","1165655.31503","1166421.76363","1167188.83275","1167955.35494","1168739.22273","1169505.69205","1202980.11979","Mapping"
"Blocked","m150","tile","18","m150tile.wav","None","734.302223311","120","1202205.48271","1170271.74089","1171038.80538","1171805.47875","1172572.11688","1173338.80448","1174122.0635","1174888.76007","1202971.30988","1203738.30325","1204521.5598","1166421.76363","1167188.83275","1167955.35494","1168739.22273","1169505.69205","1203748.02925","Mapping"
"Blocked","m150","tile","18","m150lash.wav","space","439.26598347","120","1202205.48271","1170271.74089","1171038.80538","1171805.47875","1172572.11688","1173338.80448","1174122.0635","1174888.76007","1202971.30988","1203738.30325","1204521.5598","1205288.10394","1167188.83275","1167955.35494","1168739.22273","1169505.69205","1204530.58057","Mapping"
"Blocked","m150","tile","18","m150tile.wav","None","723.197615182","120","1202205.48271","1170271.74089","1171038.80538","1171805.47875","1172572.11688","1173338.80448","1174122.0635","1174888.76007","1202971.30988","1203738.30325","1204521.5598","1205288.10394","1206055.09916","1167955.35494","1168739.22273","1169505.69205","1205297.36432","Mapping"
"Blocked","m150","tile","18","m150cling.wav","space","417.405515618","120","1202205.48271","1170271.74089","1171038.80538","1171805.47875","1172572.11688","1173338.80448","1174122.0635","1174888.76007","1202971.30988","1203738.30325","1204521.5598","1205288.10394","1206055.09916","1206821.58518","1168739.22273","1169505.69205","1206064.38706","Mapping"
"Blocked","m150","tile","18","m150cave.wav","None","727.896443976","120","1202205.48271","1170271.74089","1171038.80538","1171805.47875","1172572.11688","1173338.80448","1174122.0635","1174888.76007","1202971.30988","1203738.30325","1204521.5598","1205288.10394","1206055.09916","1206821.58518","1207587.94412","1169505.69205","1206830.63254","Mapping"
"Blocked","m150","tile","18","m150cad.wav","None","733.665633714","120","1202205.48271","1170271.74089","1171038.80538","1171805.47875","1172572.11688","1173338.80448","1174122.0635","1174888.76007","1202971.30988","1203738.30325","1204521.5598","1205288.10394","1206055.09916","1206821.58518","1207587.94412","1208371.97639","1207597.16926","Mapping"
"Blocked","m150","tile","18","m150tile.wav","None","722.049960692","120","1202205.48271","1209138.23207","1171038.80538","1171805.47875","1172572.11688","1173338.80448","1174122.0635","1174888.76007","1202971.30988","1203738.30325","1204521.5598","1205288.10394","1206055.09916","1206821.58518","1207587.94412","1208371.97639","1208381.75062","Mapping"
"Blocked","m150","tile","18","m150done.wav","space","454.10603378","120","1202205.48271","1209138.23207","1209904.93575","1171805.47875","1172572.11688","1173338.80448","1174122.0635","1174888.76007","1202971.30988","1203738.30325","1204521.5598","1205288.10394","1206055.09916","1206821.58518","1207587.94412","1208371.97639","1209147.62819","Mapping"
"Blocked","m150","tile","18","m150tile.wav","None","727.824406407","120","1202205.48271","1209138.23207","1209904.93575","1210671.54884","1172572.11688","1173338.80448","1174122.0635","1174888.76007","1202971.30988","1203738.30325","1204521.5598","1205288.10394","1206055.09916","1206821.58518","1207587.94412","1208371.97639","1209914.1343","Mapping"
"Blocked","m150","tile","18","m150lash.wav","space","584.57845496","120","1202205.48271","1209138.23207","1209904.93575","1210671.54884","1211437.73557","1173338.80448","1174122.0635","1174888.76007","1202971.30988","1203738.30325","1204521.5598","1205288.10394","1206055.09916","1206821.58518","1207587.94412","1208371.97639","1210681.09675","Mapping"
"Blocked","m150","tile","18","m150gnash.wav","None","733.724685968","120","1202205.48271","1209138.23207","1209904.93575","1210671.54884","1211437.73557","1212221.58203","1174122.0635","1174888.76007","1202971.30988","1203738.30325","1204521.5598","1205288.10394","1206055.09916","1206821.58518","1207587.94412","1208371.97639","1211446.55044","Mapping"
"Blocked","m150","tile","18","m150jaw.wav","None","721.977304725","120","1202205.48271","1209138.23207","1209904.93575","1210671.54884","1211437.73557","1212221.58203","1212988.20006","1174888.76007","1202971.30988","1203738.30325","1204521.5598","1205288.10394","1206055.09916","1206821.58518","1207587.94412","1208371.97639","1212230.46924","Mapping"
"Blocked","m150","tile","18","m150greet.wav","None","727.561917505","120","1202205.48271","1209138.23207","1209904.93575","1210671.54884","1211437.73557","1212221.58203","1212988.20006","1213754.71823","1202971.30988","1203738.30325","1204521.5598","1205288.10394","1206055.09916","1206821.58518","1207587.94412","1208371.97639","1212997.57793","Mapping"
"Blocked","m150","tile","15","m150lash.wav","None","732.963808405","120","1216905.29717","1209138.23207","1209904.93575","1210671.54884","1211437.73557","1212221.58203","1212988.20006","1213754.71823","1202971.30988","1203738.30325","1204521.5598","1205288.10394","1206055.09916","1206821.58518","1207587.94412","1208371.97639","1213764.24729","Mapping"
"Blocked","m150","tile","15","m150tile.wav","None","722.083969857","120","1216905.29717","1209138.23207","1209904.93575","1210671.54884","1211437.73557","1212221.58203","1212988.20006","1213754.71823","1217671.47618","1203738.30325","1204521.5598","1205288.10394","1206055.09916","1206821.58518","1207587.94412","1208371.97639","1216915.03801","Mapping"
"Blocked","m150","tile","15","m150greet.wav","space","664.194510086","120","1216905.29717","1209138.23207","1209904.93575","1210671.54884","1211437.73557","1212221.58203","1212988.20006","1213754.71823","1217671.47618","1218438.12018","1204521.5598","1205288.10394","1206055.09916","1206821.58518","1207587.94412","1208371.97639","1217681.40407","Mapping"
"Blocked","m150","tile","15","m150depth.wav","None","727.643230348","120","1216905.29717","1209138.23207","1209904.93575","1210671.54884","1211437.73557","1212221.58203","1212988.20006","1213754.71823","1217671.47618","1218438.12018","1219204.23365","1205288.10394","1206055.09916","1206821.58518","1207587.94412","1208371.97639","1218447.49002","Mapping"
"Blocked","m150","tile","15","m150tile.wav","None","734.299749893","120","1216905.29717","1209138.23207","1209904.93575","1210671.54884","1211437.73557","1212221.58203","1212988.20006","1213754.71823","1217671.47618","1218438.12018","1219204.23365","1219988.38433","1206055.09916","1206821.58518","1207587.94412","1208371.97639","1219213.14343","Mapping"
"Blocked","m150","tile","15","m150done.wav","space","617.348442087","120","1216905.29717","1209138.23207","1209904.93575","1210671.54884","1211437.73557","1212221.58203","1212988.20006","1213754.71823","1217671.47618","1218438.12018","1219204.23365","1219988.38433","1220755.08151","1206821.58518","1207587.94412","1208371.97639","1219992.21438","Mapping"
"Blocked","m150","tile","15","m150bluff.wav","None","721.624227881","120","1216905.29717","1209138.23207","1209904.93575","1210671.54884","1211437.73557","1212221.58203","1212988.20006","1213754.71823","1217671.47618","1218438.12018","1219204.23365","1219988.38433","1220755.08151","1221521.36471","1207587.94412","1208371.97639","1220764.78927","Mapping"
"Blocked","m150","tile","15","m150tile.wav","None","728.0692723","120","1216905.29717","1209138.23207","1209904.93575","1210671.54884","1211437.73557","1212221.58203","1212988.20006","1213754.71823","1217671.47618","1218438.12018","1219204.23365","1219988.38433","1220755.08151","1221521.36471","1222287.5669","1208371.97639","1221530.98961","Mapping"
"Blocked","m150","tile","15","m150bluff.wav","space","641.141248401","120","1216905.29717","1209138.23207","1209904.93575","1210671.54884","1211437.73557","1212221.58203","1212988.20006","1213754.71823","1217671.47618","1218438.12018","1219204.23365","1219988.38433","1220755.08151","1221521.36471","1222287.5669","1223054.45701","1222296.37558","Mapping"
"Blocked","m150","tile","15","m150jaw.wav","None","734.072816093","120","1216905.29717","1223838.2911","1209904.93575","1210671.54884","1211437.73557","1212221.58203","1212988.20006","1213754.71823","1217671.47618","1218438.12018","1219204.23365","1219988.38433","1220755.08151","1221521.36471","1222287.5669","1223054.45701","1223063.78881","Mapping"
"Blocked","m150","tile","15","m150cave.wav","None","721.726873715","120","1216905.29717","1223838.2911","1224604.24873","1210671.54884","1211437.73557","1212221.58203","1212988.20006","1213754.71823","1217671.47618","1218438.12018","1219204.23365","1219988.38433","1220755.08151","1221521.36471","1222287.5669","1223054.45701","1223848.398","Mapping"
"Blocked","m150","tile","15","m150tile.wav","None","729.603085318","120","1216905.29717","1223838.2911","1224604.24873","1225371.02166","1211437.73557","1212221.58203","1212988.20006","1213754.71823","1217671.47618","1218438.12018","1219204.23365","1219988.38433","1220755.08151","1221521.36471","1222287.5669","1223054.45701","1224613.43399","Mapping"
"Blocked","m150","tile","15","m150cave.wav","space","421.092417382","120","1216905.29717","1223838.2911","1224604.24873","1225371.02166","1226137.83695","1212221.58203","1212988.20006","1213754.71823","1217671.47618","1218438.12018","1219204.23365","1219988.38433","1220755.08151","1221521.36471","1222287.5669","1223054.45701","1225380.41437","Mapping"
"Blocked","m150","tile","15","m150cling.wav","None","734.316754446","120","1216905.29717","1223838.2911","1224604.24873","1225371.02166","1226137.83695","1226921.65156","1212988.20006","1213754.71823","1217671.47618","1218438.12018","1219204.23365","1219988.38433","1220755.08151","1221521.36471","1222287.5669","1223054.45701","1226147.32118","Mapping"
"Blocked","m150","tile","15","m150done.wav","None","722.371192649","120","1216905.29717","1223838.2911","1224604.24873","1225371.02166","1226137.83695","1226921.65156","1227687.72606","1213754.71823","1217671.47618","1218438.12018","1219204.23365","1219988.38433","1220755.08151","1221521.36471","1222287.5669","1223054.45701","1226931.36581","Mapping"
"Blocked","m150","tile","15","m150cave.wav","None","729.304113891","120","1216905.29717","1223838.2911","1224604.24873","1225371.02166","1226137.83695","1226921.65156","1227687.72606","1228454.00895","1217671.47618","1218438.12018","1219204.23365","1219988.38433","1220755.08151","1221521.36471","1222287.5669","1223054.45701","1227697.09837","Mapping"
"Blocked","m150","cave","8","m150ball.wav","None","735.410303518","120","1231605.10545","1223838.2911","1224604.24873","1225371.02166","1226137.83695","1226921.65156","1227687.72606","1228454.00895","1217671.47618","1218438.12018","1219204.23365","1219988.38433","1220755.08151","1221521.36471","1222287.5669","1223054.45701","1228463.08383","Mapping"
"Blocked","m150","cave","8","m150ball.wav","None","721.922890109","120","1231605.10545","1223838.2911","1224604.24873","1225371.02166","1226137.83695","1226921.65156","1227687.72606","1228454.00895","1232371.17625","1218438.12018","1219204.23365","1219988.38433","1220755.08151","1221521.36471","1222287.5669","1223054.45701","1231614.87134","Mapping"
"Blocked","m150","cave","8","m150greet.wav","None","728.837570117","120","1231605.10545","1223838.2911","1224604.24873","1225371.02166","1226137.83695","1226921.65156","1227687.72606","1228454.00895","1232371.17625","1233137.84035","1219204.23365","1219988.38433","1220755.08151","1221521.36471","1222287.5669","1223054.45701","1232380.20228","Mapping"
"Blocked","m150","cave","8","m150cave.wav","None","734.154128935","120","1231605.10545","1223838.2911","1224604.24873","1225371.02166","1226137.83695","1226921.65156","1227687.72606","1228454.00895","1232371.17625","1233137.84035","1233921.43205","1219988.38433","1220755.08151","1221521.36471","1222287.5669","1223054.45701","1233147.26429","Mapping"
"Blocked","m150","cave","8","m150ball.wav","None","722.323270631","120","1231605.10545","1223838.2911","1224604.24873","1225371.02166","1226137.83695","1226921.65156","1227687.72606","1228454.00895","1232371.17625","1233137.84035","1233921.43205","1234687.83304","1220755.08151","1221521.36471","1222287.5669","1223054.45701","1233931.35159","Mapping"
"Blocked","m150","cave","8","m150cave.wav","space","479.994422465","120","1231605.10545","1223838.2911","1224604.24873","1225371.02166","1226137.83695","1226921.65156","1227687.72606","1228454.00895","1232371.17625","1233137.84035","1233921.43205","1234687.83304","1235454.03832","1221521.36471","1222287.5669","1223054.45701","1234697.35375","Mapping"
"Blocked","m150","cave","8","m150bluff.wav","space","554.456853657","120","1231605.10545","1223838.2911","1224604.24873","1225371.02166","1226137.83695","1226921.65156","1227687.72606","1228454.00895","1232371.17625","1233137.84035","1233921.43205","1234687.83304","1235454.03832","1236221.16495","1222287.5669","1223054.45701","1235462.9175","Mapping"
"Blocked","m150","cave","8","m150cling.wav","None","727.667964296","120","1231605.10545","1223838.2911","1224604.24873","1225371.02166","1226137.83695","1226921.65156","1227687.72606","1228454.00895","1232371.17625","1233137.84035","1233921.43205","1234687.83304","1235454.03832","1236221.16495","1236987.34612","1223054.45701","1236230.12265","Mapping"
"Blocked","m150","cave","8","m150park.wav","None","734.181336185","120","1231605.10545","1223838.2911","1224604.24873","1225371.02166","1226137.83695","1226921.65156","1227687.72606","1228454.00895","1232371.17625","1233137.84035","1233921.43205","1234687.83304","1235454.03832","1236221.16495","1236987.34612","1237771.49309","1236996.19716","Mapping"
"Blocked","m150","cave","8","m150cave.wav","None","722.178886295","120","1231605.10545","1238537.38828","1224604.24873","1225371.02166","1226137.83695","1226921.65156","1227687.72606","1228454.00895","1232371.17625","1233137.84035","1233921.43205","1234687.83304","1235454.03832","1236221.16495","1236987.34612","1237771.49309","1237781.08924","Mapping"
"Blocked","m150","cave","8","m150lash.wav","space","486.934763961","120","1231605.10545","1238537.38828","1239304.56653","1225371.02166","1226137.83695","1226921.65156","1227687.72606","1228454.00895","1232371.17625","1233137.84035","1233921.43205","1234687.83304","1235454.03832","1236221.16495","1236987.34612","1237771.49309","1238546.35896","Mapping"
"Blocked","m150","cave","8","m150jaw.wav","None","727.5727386","120","1231605.10545","1238537.38828","1239304.56653","1240071.06955","1226137.83695","1226921.65156","1227687.72606","1228454.00895","1232371.17625","1233137.84035","1233921.43205","1234687.83304","1235454.03832","1236221.16495","1236987.34612","1237771.49309","1239313.86062","Mapping"
"Blocked","m150","cave","8","m150jolt.wav","None","733.490950312","120","1231605.10545","1238537.38828","1239304.56653","1240071.06955","1240854.68104","1226921.65156","1227687.72606","1228454.00895","1232371.17625","1233137.84035","1233921.43205","1234687.83304","1235454.03832","1236221.16495","1236987.34612","1237771.49309","1240080.26378","Mapping"
"Blocked","m150","cave","8","m150cave.wav","None","721.970502927","120","1231605.10545","1238537.38828","1239304.56653","1240071.06955","1240854.68104","1241621.03874","1227687.72606","1228454.00895","1232371.17625","1233137.84035","1233921.43205","1234687.83304","1235454.03832","1236221.16495","1236987.34612","1237771.49309","1240864.29419","Mapping"
"Blocked","m150","cave","8","m150park.wav","space","474.840180133","120","1231605.10545","1238537.38828","1239304.56653","1240071.06955","1240854.68104","1241621.03874","1242387.8228","1228454.00895","1232371.17625","1233137.84035","1233921.43205","1234687.83304","1235454.03832","1236221.16495","1236987.34612","1237771.49309","1241630.42002","Mapping"
"Blocked","m150","cave","8","m150cling.wav","None","727.440721297","120","1231605.10545","1238537.38828","1239304.56653","1240071.06955","1240854.68104","1241621.03874","1242387.8228","1243154.1125","1232371.17625","1233137.84035","1233921.43205","1234687.83304","1235454.03832","1236221.16495","1236987.34612","1237771.49309","1242397.09339","Mapping"
"Blocked","m150","cave","7","m150depth.wav","None","733.724067628","120","1246304.73225","1238537.38828","1239304.56653","1240071.06955","1240854.68104","1241621.03874","1242387.8228","1243154.1125","1232371.17625","1233137.84035","1233921.43205","1234687.83304","1235454.03832","1236221.16495","1236987.34612","1237771.49309","1243163.12152","Mapping"
"Blocked","m150","cave","7","m150depth.wav","None","721.58156184","120","1246304.73225","1238537.38828","1239304.56653","1240071.06955","1240854.68104","1241621.03874","1242387.8228","1243154.1125","1247070.74709","1233137.84035","1233921.43205","1234687.83304","1235454.03832","1236221.16495","1236987.34612","1237771.49309","1246314.85801","Mapping"
"Blocked","m150","cave","7","m150depth.wav","None","728.681746288","120","1246304.73225","1238537.38828","1239304.56653","1240071.06955","1240854.68104","1241621.03874","1242387.8228","1243154.1125","1247070.74709","1247837.33575","1233921.43205","1234687.83304","1235454.03832","1236221.16495","1236987.34612","1237771.49309","1247080.00809","Mapping"
"Blocked","m150","cave","7","m150cave.wav","None","734.79999369","120","1246304.73225","1238537.38828","1239304.56653","1240071.06955","1240854.68104","1241621.03874","1242387.8228","1243154.1125","1247070.74709","1247837.33575","1248621.13861","1234687.83304","1235454.03832","1236221.16495","1236987.34612","1237771.49309","1247846.56089","Mapping"
"Blocked","m150","cave","7","m150tile.wav","space","561.910424207","120","1246304.73225","1238537.38828","1239304.56653","1240071.06955","1240854.68104","1241621.03874","1242387.8228","1243154.1125","1247070.74709","1247837.33575","1248621.13861","1249387.3476","1235454.03832","1236221.16495","1236987.34612","1237771.49309","1248631.20656","Mapping"
"Blocked","m150","cave","7","m150done.wav","None","723.33674354","120","1246304.73225","1238537.38828","1239304.56653","1240071.06955","1240854.68104","1241621.03874","1242387.8228","1243154.1125","1247070.74709","1247837.33575","1248621.13861","1249387.3476","1250154.24853","1236221.16495","1236987.34612","1237771.49309","1249396.62685","Mapping"
"Blocked","m150","cave","7","m150greet.wav","None","728.548801446","120","1246304.73225","1238537.38828","1239304.56653","1240071.06955","1240854.68104","1241621.03874","1242387.8228","1243154.1125","1247070.74709","1247837.33575","1248621.13861","1249387.3476","1250154.24853","1250920.92593","1236987.34612","1237771.49309","1250163.89353","Mapping"
"Blocked","m150","cave","7","m150cave.wav","None","734.871412918","120","1246304.73225","1238537.38828","1239304.56653","1240071.06955","1240854.68104","1241621.03874","1242387.8228","1243154.1125","1247070.74709","1247837.33575","1248621.13861","1249387.3476","1250154.24853","1250920.92593","1251704.68241","1237771.49309","1250929.89136","Mapping"
"Blocked","m150","cave","7","m150knife.wav","space","686.642099696","120","1246304.73225","1238537.38828","1239304.56653","1240071.06955","1240854.68104","1241621.03874","1242387.8228","1243154.1125","1247070.74709","1247837.33575","1248621.13861","1249387.3476","1250154.24853","1250920.92593","1251704.68241","1252470.76341","1251714.44211","Mapping"
"Blocked","m150","cave","7","m150gnash.wav","None","723.168552795","120","1246304.73225","1253237.17399","1239304.56653","1240071.06955","1240854.68104","1241621.03874","1242387.8228","1243154.1125","1247070.74709","1247837.33575","1248621.13861","1249387.3476","1250154.24853","1250920.92593","1251704.68241","1252470.76341","1252479.87137","Mapping"
"Blocked","m150","cave","7","m150cave.wav","None","729.198067158","120","1246304.73225","1253237.17399","1254003.62383","1240071.06955","1240854.68104","1241621.03874","1242387.8228","1243154.1125","1247070.74709","1247837.33575","1248621.13861","1249387.3476","1250154.24853","1250920.92593","1251704.68241","1252470.76341","1253246.07016","Mapping"
"Blocked","m150","cave","7","m150gnash.wav","space","572.443987709","120","1246304.73225","1253237.17399","1254003.62383","1254770.44808","1240854.68104","1241621.03874","1242387.8228","1243154.1125","1247070.74709","1247837.33575","1248621.13861","1249387.3476","1250154.24853","1250920.92593","1251704.68241","1252470.76341","1254012.63162","Mapping"
"Blocked","m150","cave","7","m150cave.wav","None","734.825036838","120","1246304.73225","1253237.17399","1254003.62383","1254770.44808","1255554.69399","1241621.03874","1242387.8228","1243154.1125","1247070.74709","1247837.33575","1248621.13861","1249387.3476","1250154.24853","1250920.92593","1251704.68241","1252470.76341","1254779.31149","Mapping"
"Blocked","m150","cave","7","m150lash.wav","space","420.198285778","120","1246304.73225","1253237.17399","1254003.62383","1254770.44808","1255554.69399","1256320.86558","1242387.8228","1243154.1125","1247070.74709","1247837.33575","1248621.13861","1249387.3476","1250154.24853","1250920.92593","1251704.68241","1252470.76341","1255564.85593","Mapping"
"Blocked","m150","cave","7","m150depth.wav","None","722.922141023","120","1246304.73225","1253237.17399","1254003.62383","1254770.44808","1255554.69399","1256320.86558","1257087.53555","1243154.1125","1247070.74709","1247837.33575","1248621.13861","1249387.3476","1250154.24853","1250920.92593","1251704.68241","1252470.76341","1256329.91294","Mapping"
"Blocked","m150","cave","7","m150lash.wav","None","728.283220844","120","1246304.73225","1253237.17399","1254003.62383","1254770.44808","1255554.69399","1256320.86558","1257087.53555","1257853.95571","1247070.74709","1247837.33575","1248621.13861","1249387.3476","1250154.24853","1250920.92593","1251704.68241","1252470.76341","1257096.88745","Mapping"
"Blocked","m150","ball","6","m150gnash.wav","None","734.283363679","120","1261004.62061","1253237.17399","1254003.62383","1254770.44808","1255554.69399","1256320.86558","1257087.53555","1257853.95571","1247070.74709","1247837.33575","1248621.13861","1249387.3476","1250154.24853","1250920.92593","1251704.68241","1252470.76341","1257863.27979","Mapping"
"Blocked","m150","ball","6","m150knife.wav","None","722.01131389","120","1261004.62061","1253237.17399","1254003.62383","1254770.44808","1255554.69399","1256320.86558","1257087.53555","1257853.95571","1261770.75324","1247837.33575","1248621.13861","1249387.3476","1250154.24853","1250920.92593","1251704.68241","1252470.76341","1261014.46502","Mapping"
"Blocked","m150","ball","6","m150jolt.wav","None","728.635988547","120","1261004.62061","1253237.17399","1254003.62383","1254770.44808","1255554.69399","1256320.86558","1257087.53555","1257853.95571","1261770.75324","1262537.82607","1248621.13861","1249387.3476","1250154.24853","1250920.92593","1251704.68241","1252470.76341","1261780.37412","Mapping"
"Blocked","m150","ball","6","m150ball.wav","None","735.797080386","120","1261004.62061","1253237.17399","1254003.62383","1254770.44808","1255554.69399","1256320.86558","1257087.53555","1257853.95571","1261770.75324","1262537.82607","1263320.4315","1249387.3476","1250154.24853","1250920.92593","1251704.68241","1252470.76341","1262547.33874","Mapping"
"Blocked","m150","ball","6","m150jaw.wav","space","375.222412171","120","1261004.62061","1253237.17399","1254003.62383","1254770.44808","1255554.69399","1256320.86558","1257087.53555","1257853.95571","1261770.75324","1262537.82607","1263320.4315","1264087.39055","1250154.24853","1250920.92593","1251704.68241","1252470.76341","1263329.71043","Mapping"
"Blocked","m150","ball","6","m150knife.wav","None","724.6887621","120","1261004.62061","1253237.17399","1254003.62383","1254770.44808","1255554.69399","1256320.86558","1257087.53555","1257853.95571","1261770.75324","1262537.82607","1263320.4315","1264087.39055","1264853.93283","1250920.92593","1251704.68241","1252470.76341","1264096.81418","Mapping"
"Blocked","m150","ball","6","m150depth.wav","None","730.632635241","120","1261004.62061","1253237.17399","1254003.62383","1254770.44808","1255554.69399","1256320.86558","1257087.53555","1257853.95571","1261770.75324","1262537.82607","1263320.4315","1264087.39055","1264853.93283","1265637.69025","1251704.68241","1252470.76341","1264863.43932","Mapping"
"Blocked","m150","ball","6","m150ball.wav","None","719.134139188","120","1261004.62061","1253237.17399","1254003.62383","1254770.44808","1255554.69399","1256320.86558","1257087.53555","1257853.95571","1261770.75324","1262537.82607","1263320.4315","1264087.39055","1264853.93283","1265637.69025","1266403.52174","1252470.76341","1265647.86022","Mapping"
"Blocked","m150","ball","6","m150tile.wav","space","716.106396692","120","1261004.62061","1253237.17399","1254003.62383","1254770.44808","1255554.69399","1256320.86558","1257087.53555","1257853.95571","1261770.75324","1262537.82607","1263320.4315","1264087.39055","1264853.93283","1265637.69025","1266403.52174","1267170.59148","1266412.78151","Mapping"
"Blocked","m150","ball","6","m150ball.wav","None","725.060389435","120","1261004.62061","1267937.33194","1254003.62383","1254770.44808","1255554.69399","1256320.86558","1257087.53555","1257853.95571","1261770.75324","1262537.82607","1263320.4315","1264087.39055","1264853.93283","1265637.69025","1266403.52174","1267170.59148","1267180.16104","Mapping"
"Blocked","m150","ball","6","m150gnash.wav","None","730.939336005","120","1261004.62061","1267937.33194","1268720.88066","1254770.44808","1255554.69399","1256320.86558","1257087.53555","1257853.95571","1261770.75324","1262537.82607","1263320.4315","1264087.39055","1264853.93283","1265637.69025","1266403.52174","1267170.59148","1267946.9519","Mapping"
"Blocked","m150","ball","6","m150cad.wav","space","211.15636389","120","1261004.62061","1267937.33194","1268720.88066","1269470.37076","1255554.69399","1256320.86558","1257087.53555","1257853.95571","1261770.75324","1262537.82607","1263320.4315","1264087.39055","1264853.93283","1265637.69025","1266403.52174","1267170.59148","1268725.68616","Mapping"
"Blocked","m150","ball","6","m150priest.wav","None","736.744389927","120","1261004.62061","1267937.33194","1268720.88066","1269470.37076","1270254.10251","1256320.86558","1257087.53555","1257853.95571","1261770.75324","1262537.82607","1263320.4315","1264087.39055","1264853.93283","1265637.69025","1266403.52174","1267170.59148","1269479.39833","Mapping"
"Blocked","m150","ball","6","m150ball.wav","None","725.061007775","120","1261004.62061","1267937.33194","1268720.88066","1269470.37076","1270254.10251","1271020.67107","1257087.53555","1257853.95571","1261770.75324","1262537.82607","1263320.4315","1264087.39055","1264853.93283","1265637.69025","1266403.52174","1267170.59148","1270263.673","Mapping"
"Blocked","m150","ball","6","m150cave.wav","space","451.101170096","120","1261004.62061","1267937.33194","1268720.88066","1269470.37076","1270254.10251","1271020.67107","1271786.86832","1257853.95571","1261770.75324","1262537.82607","1263320.4315","1264087.39055","1264853.93283","1265637.69025","1266403.52174","1267170.59148","1271029.70669","Mapping"
"Blocked","m150","ball","6","m150jolt.wav","None","731.883553904","120","1261004.62061","1267937.33194","1268720.88066","1269470.37076","1270254.10251","1271020.67107","1271786.86832","1272570.47331","1261770.75324","1262537.82607","1263320.4315","1264087.39055","1264853.93283","1265637.69025","1266403.52174","1267170.59148","1271795.94197","Mapping"
"Blocked","m150","ball","3","m150jolt.wav","None","721.678951697","120","1275704.2539","1267937.33194","1268720.88066","1269470.37076","1270254.10251","1271020.67107","1271786.86832","1272570.47331","1261770.75324","1262537.82607","1263320.4315","1264087.39055","1264853.93283","1265637.69025","1266403.52174","1267170.59148","1272579.45482","Mapping"
"Blocked","m150","ball","3","m150jaw.wav","None","721.996782697","120","1275704.2539","1267937.33194","1268720.88066","1269470.37076","1270254.10251","1271020.67107","1271786.86832","1272570.47331","1276470.21308","1262537.82607","1263320.4315","1264087.39055","1264853.93283","1265637.69025","1266403.52174","1267170.59148","1275714.22445","Mapping"
"Blocked","m150","ball","3","m150priest.wav","None","729.75612653","120","1275704.2539","1267937.33194","1268720.88066","1269470.37076","1270254.10251","1271020.67107","1271786.86832","1272570.47331","1276470.21308","1277237.26921","1263320.4315","1264087.39055","1264853.93283","1265637.69025","1266403.52174","1267170.59148","1276479.1006","Mapping"
"Blocked","m150","ball","3","m150ball.wav","None","734.554509399","120","1275704.2539","1267937.33194","1268720.88066","1269470.37076","1270254.10251","1271020.67107","1271786.86832","1272570.47331","1276470.21308","1277237.26921","1278020.90481","1264087.39055","1264853.93283","1265637.69025","1266403.52174","1267170.59148","1277246.85701","Mapping"
"Blocked","m150","ball","3","m150bluff.wav","None","722.877001564","120","1275704.2539","1267937.33194","1268720.88066","1269470.37076","1270254.10251","1271020.67107","1271786.86832","1272570.47331","1276470.21308","1277237.26921","1278020.90481","1278787.17904","1264853.93283","1265637.69025","1266403.52174","1267170.59148","1278031.05994","Mapping"
"Blocked","m150","ball","3","m150tile.wav","space","0.0395743409172","120","1275704.2539","1267937.33194","1268720.88066","1269470.37076","1270254.10251","1271020.67107","1271786.86832","1272570.47331","1276470.21308","1277237.26921","1278020.90481","1278787.17904","1279553.87159","1265637.69025","1266403.52174","1267170.59148","1278796.5869","Mapping"
"Blocked","m150","ball","3","m150ball.wav","None","729.567839473","120","1275704.2539","1267937.33194","1268720.88066","1269470.37076","1270254.10251","1271020.67107","1271786.86832","1272570.47331","1276470.21308","1277237.26921","1278020.90481","1278787.17904","1279553.87159","1280320.48035","1266403.52174","1267170.59148","1279563.2643","Mapping"
"Blocked","m150","ball","3","m150jaw.wav","None","736.957101733","120","1275704.2539","1267937.33194","1268720.88066","1269470.37076","1270254.10251","1271020.67107","1271786.86832","1272570.47331","1276470.21308","1277237.26921","1278020.90481","1278787.17904","1279553.87159","1280320.48035","1281103.7471","1267170.59148","1280329.26553","Mapping"
"Blocked","m150","ball","3","m150park.wav","None","725.393060828","120","1275704.2539","1267937.33194","1268720.88066","1269470.37076","1270254.10251","1271020.67107","1271786.86832","1272570.47331","1276470.21308","1277237.26921","1278020.90481","1278787.17904","1279553.87159","1280320.48035","1281103.7471","1281870.28475","1281113.39302","Mapping"
"Blocked","m150","ball","3","m150cave.wav","space","577.016055118","120","1275704.2539","1282637.10251","1268720.88066","1269470.37076","1270254.10251","1271020.67107","1271786.86832","1272570.47331","1276470.21308","1277237.26921","1278020.90481","1278787.17904","1279553.87159","1280320.48035","1281103.7471","1281870.28475","1281879.6419","Mapping"
"Blocked","m150","ball","3","m150ball.wav","None","730.793714931","120","1275704.2539","1282637.10251","1283420.25641","1269470.37076","1270254.10251","1271020.67107","1271786.86832","1272570.47331","1276470.21308","1277237.26921","1278020.90481","1278787.17904","1279553.87159","1280320.48035","1281103.7471","1281870.28475","1282646.65877","Mapping"
"Blocked","m150","ball","3","m150jaw.wav","space","507.380450843","120","1275704.2539","1282637.10251","1283420.25641","1284170.54139","1270254.10251","1271020.67107","1271786.86832","1272570.47331","1276470.21308","1277237.26921","1278020.90481","1278787.17904","1279553.87159","1280320.48035","1281103.7471","1281870.28475","1283429.23637","Mapping"
"Blocked","m150","ball","3","m150cad.wav","None","736.623193661","120","1275704.2539","1282637.10251","1283420.25641","1284170.54139","1284953.67984","1271020.67107","1271786.86832","1272570.47331","1276470.21308","1277237.26921","1278020.90481","1278787.17904","1279553.87159","1280320.48035","1281103.7471","1281870.28475","1284179.50404","Mapping"
"Blocked","m150","ball","3","m150dime.wav","None","726.311926439","120","1275704.2539","1282637.10251","1283420.25641","1284170.54139","1284953.67984","1285720.22336","1271786.86832","1272570.47331","1276470.21308","1277237.26921","1278020.90481","1278787.17904","1279553.87159","1280320.48035","1281103.7471","1281870.28475","1284963.26084","Mapping"
"Blocked","m150","ball","3","m150ball.wav","None","732.333402266","120","1275704.2539","1282637.10251","1283420.25641","1284170.54139","1284953.67984","1285720.22336","1286503.61966","1272570.47331","1276470.21308","1277237.26921","1278020.90481","1278787.17904","1279553.87159","1280320.48035","1281103.7471","1281870.28475","1285729.82322","Mapping"
"Blocked","m150","ball","3","m150reek.wav","space","615.974472137","120","1275704.2539","1282637.10251","1283420.25641","1284170.54139","1284953.67984","1285720.22336","1286503.61966","1287270.20739","1276470.21308","1277237.26921","1278020.90481","1278787.17904","1279553.87159","1280320.48035","1281103.7471","1281870.28475","1286512.57767","Mapping"
"Blocked","m150","ball","4","m150priest.wav","None","721.273933537","120","1290403.94716","1282637.10251","1283420.25641","1284170.54139","1284953.67984","1285720.22336","1286503.61966","1287270.20739","1276470.21308","1277237.26921","1278020.90481","1278787.17904","1279553.87159","1280320.48035","1281103.7471","1281870.28475","1287279.2461","Mapping"
"Blocked","m150","ball","4","m150lash.wav","None","721.748825104","120","1290403.94716","1282637.10251","1283420.25641","1284170.54139","1284953.67984","1285720.22336","1286503.61966","1287270.20739","1291169.87852","1277237.26921","1278020.90481","1278787.17904","1279553.87159","1280320.48035","1281103.7471","1281870.28475","1290414.23153","Mapping"
"Blocked","m150","ball","4","m150ball.wav","None","729.539086227","120","1290403.94716","1282637.10251","1283420.25641","1284170.54139","1284953.67984","1285720.22336","1286503.61966","1287270.20739","1291169.87852","1291936.64125","1278020.90481","1278787.17904","1279553.87159","1280320.48035","1281103.7471","1281870.28475","1291179.06254","Mapping"
"Blocked","m150","ball","4","m150jaw.wav","space","446.207561588","120","1290403.94716","1282637.10251","1283420.25641","1284170.54139","1284953.67984","1285720.22336","1286503.61966","1287270.20739","1291169.87852","1291936.64125","1292703.04379","1278787.17904","1279553.87159","1280320.48035","1281103.7471","1281870.28475","1291946.29954","Mapping"
"Blocked","m150","ball","4","m150gnash.wav","None","735.355579644","120","1290403.94716","1282637.10251","1283420.25641","1284170.54139","1284953.67984","1285720.22336","1286503.61966","1287270.20739","1291169.87852","1291936.64125","1292703.04379","1293486.52449","1279553.87159","1280320.48035","1281103.7471","1281870.28475","1292712.24636","Mapping"
"Blocked","m150","ball","4","m150ball.wav","None","725.043075683","120","1290403.94716","1282637.10251","1283420.25641","1284170.54139","1284953.67984","1285720.22336","1286503.61966","1287270.20739","1291169.87852","1291936.64125","1292703.04379","1293486.52449","1294253.65946","1280320.48035","1281103.7471","1281870.28475","1293495.72026","Mapping"
"Blocked","m150","ball","4","m150lash.wav","space","409.18024641","120","1290403.94716","1282637.10251","1283420.25641","1284170.54139","1284953.67984","1285720.22336","1286503.61966","1287270.20739","1291169.87852","1291936.64125","1292703.04379","1293486.52449","1294253.65946","1295020.2877","1281103.7471","1281870.28475","1294263.29395","Mapping"
"Blocked","m150","ball","4","m150ball.wav","None","729.199922178","120","1290403.94716","1282637.10251","1283420.25641","1284170.54139","1284953.67984","1285720.22336","1286503.61966","1287270.20739","1291169.87852","1291936.64125","1292703.04379","1293486.52449","1294253.65946","1295020.2877","1295787.20285","1281870.28475","1295030.0171","Mapping"
"Blocked","m150","ball","4","m150done.wav","space","403.752694081","120","1290403.94716","1282637.10251","1283420.25641","1284170.54139","1284953.67984","1285720.22336","1286503.61966","1287270.20739","1291169.87852","1291936.64125","1292703.04379","1293486.52449","1294253.65946","1295020.2877","1295787.20285","1296553.25602","1295796.70408","Mapping"
"Blocked","m150","ball","4","m150cad.wav","None","735.270556761","120","1290403.94716","1297337.30839","1283420.25641","1284170.54139","1284953.67984","1285720.22336","1286503.61966","1287270.20739","1291169.87852","1291936.64125","1292703.04379","1293486.52449","1294253.65946","1295020.2877","1295787.20285","1296553.25602","1296562.76467","Mapping"
"Blocked","m150","ball","4","m150cling.wav","None","723.492876452","120","1290403.94716","1297337.30839","1298103.51769","1284170.54139","1284953.67984","1285720.22336","1286503.61966","1287270.20739","1291169.87852","1291936.64125","1292703.04379","1293486.52449","1294253.65946","1295020.2877","1295787.20285","1296553.25602","1297347.21989","Mapping"
"Blocked","m150","ball","4","m150done.wav","None","730.658296729","120","1290403.94716","1297337.30839","1298103.51769","1298886.9112","1284953.67984","1285720.22336","1286503.61966","1287270.20739","1291169.87852","1291936.64125","1292703.04379","1293486.52449","1294253.65946","1295020.2877","1295787.20285","1296553.25602","1298112.95338","Mapping"
"Blocked","m150","ball","4","m150cave.wav","None","719.855751668","120","1290403.94716","1297337.30839","1298103.51769","1298886.9112","1299653.61333","1285720.22336","1286503.61966","1287270.20739","1291169.87852","1291936.64125","1292703.04379","1293486.52449","1294253.65946","1295020.2877","1295787.20285","1296553.25602","1298896.29928","Mapping"
"Blocked","m150","ball","4","m150ball.wav","None","726.430340088","120","1290403.94716","1297337.30839","1298103.51769","1298886.9112","1299653.61333","1300420.03411","1286503.61966","1287270.20739","1291169.87852","1291936.64125","1292703.04379","1293486.52449","1294253.65946","1295020.2877","1295787.20285","1296553.25602","1299662.7686","Mapping"
"Blocked","m150","ball","4","m150knife.wav","space","442.402246059","120","1290403.94716","1297337.30839","1298103.51769","1298886.9112","1299653.61333","1300420.03411","1301186.86733","1287270.20739","1291169.87852","1291936.64125","1292703.04379","1293486.52449","1294253.65946","1295020.2877","1295787.20285","1296553.25602","1300429.95644","Mapping"
"Blocked","m150","ball","4","m150romp.wav","None","731.452874257","120","1290403.94716","1297337.30839","1298103.51769","1298886.9112","1299653.61333","1300420.03411","1301186.86733","1301970.03175","1291169.87852","1291936.64125","1292703.04379","1293486.52449","1294253.65946","1295020.2877","1295787.20285","1296553.25602","1301196.32683","Mapping"
"Blocked","m150","ball","5","m150greet.wav","None","721.463457332","120","1305103.69176","1297337.30839","1298103.51769","1298886.9112","1299653.61333","1300420.03411","1301186.86733","1301970.03175","1291169.87852","1291936.64125","1292703.04379","1293486.52449","1294253.65946","1295020.2877","1295787.20285","1296553.25602","1301979.0516","Mapping"
"Blocked","m150","ball","5","m150ball.wav","None","722.301319242","120","1305103.69176","1297337.30839","1298103.51769","1298886.9112","1299653.61333","1300420.03411","1301186.86733","1301970.03175","1305870.1113","1291936.64125","1292703.04379","1293486.52449","1294253.65946","1295020.2877","1295787.20285","1296553.25602","1305113.49783","Mapping"
"Blocked","m150","ball","5","m150cad.wav","space","376.498992264","120","1305103.69176","1297337.30839","1298103.51769","1298886.9112","1299653.61333","1300420.03411","1301186.86733","1301970.03175","1305870.1113","1306636.36667","1292703.04379","1293486.52449","1294253.65946","1295020.2877","1295787.20285","1296553.25602","1305879.79123","Mapping"
"Blocked","m150","ball","5","m150ball.wav","None","729.331939598","120","1305103.69176","1297337.30839","1298103.51769","1298886.9112","1299653.61333","1300420.03411","1301186.86733","1301970.03175","1305870.1113","1306636.36667","1307402.82177","1293486.52449","1294253.65946","1295020.2877","1295787.20285","1296553.25602","1306645.29902","Mapping"
"Blocked","m150","ball","5","m150jaw.wav","space","396.304688649","120","1305103.69176","1297337.30839","1298103.51769","1298886.9112","1299653.61333","1300420.03411","1301186.86733","1301970.03175","1305870.1113","1306636.36667","1307402.82177","1308169.89738","1294253.65946","1295020.2877","1295787.20285","1296553.25602","1307411.9758","Mapping"
"Blocked","m150","ball","5","m150reek.wav","None","733.531452133","120","1305103.69176","1297337.30839","1298103.51769","1298886.9112","1299653.61333","1300420.03411","1301186.86733","1301970.03175","1305870.1113","1306636.36667","1307402.82177","1308169.89738","1308953.66592","1295020.2877","1295787.20285","1296553.25602","1308179.66667","Mapping"
"Blocked","m150","ball","5","m150jolt.wav","None","723.104553763","120","1305103.69176","1297337.30839","1298103.51769","1298886.9112","1299653.61333","1300420.03411","1301186.86733","1301970.03175","1305870.1113","1306636.36667","1307402.82177","1308169.89738","1308953.66592","1309719.844","1295787.20285","1296553.25602","1308963.12851","Mapping"
"Blocked","m150","ball","5","m150ball.wav","None","735.694743751","120","1305103.69176","1297337.30839","1298103.51769","1298886.9112","1299653.61333","1300420.03411","1301186.86733","1301970.03175","1305870.1113","1306636.36667","1307402.82177","1308169.89738","1308953.66592","1309719.844","1310486.84603","1296553.25602","1309723.72816","Mapping"
"Blocked","m150","ball","5","m150done.wav","space","423.997108592","120","1305103.69176","1297337.30839","1298103.51769","1298886.9112","1299653.61333","1300420.03411","1301186.86733","1301970.03175","1305870.1113","1306636.36667","1307402.82177","1308169.89738","1308953.66592","1309719.844","1310486.84603","1311252.9799","1310496.22885","Mapping"
"Blocked","m150","ball","5","m150cling.wav","None","735.630744661","120","1305103.69176","1312036.60653","1298103.51769","1298886.9112","1299653.61333","1300420.03411","1301186.86733","1301970.03175","1305870.1113","1306636.36667","1307402.82177","1308169.89738","1308953.66592","1309719.844","1310486.84603","1311252.9799","1311262.57543","Mapping"
"Blocked","m150","ball","5","m150done.wav","None","724.944449146","120","1305103.69176","1312036.60653","1312803.02267","1298886.9112","1299653.61333","1300420.03411","1301186.86733","1301970.03175","1305870.1113","1306636.36667","1307402.82177","1308169.89738","1308953.66592","1309719.844","1310486.84603","1311252.9799","1312046.10343","Mapping"
"Blocked","m150","ball","5","m150priest.wav","None","731.765449338","120","1305103.69176","1312036.60653","1312803.02267","1313586.91272","1299653.61333","1300420.03411","1301186.86733","1301970.03175","1305870.1113","1306636.36667","1307402.82177","1308169.89738","1308953.66592","1309719.844","1310486.84603","1311252.9799","1312812.26791","Mapping"
"Blocked","m150","ball","5","m150ball.wav","None","719.596354582","120","1305103.69176","1312036.60653","1312803.02267","1313586.91272","1314353.26455","1300420.03411","1301186.86733","1301970.03175","1305870.1113","1306636.36667","1307402.82177","1308169.89738","1308953.66592","1309719.844","1310486.84603","1311252.9799","1313597.3829","Mapping"
"Blocked","m150","ball","5","m150park.wav","space","629.338525003","120","1305103.69176","1312036.60653","1312803.02267","1313586.91272","1314353.26455","1315119.6065","1301186.86733","1301970.03175","1305870.1113","1306636.36667","1307402.82177","1308169.89738","1308953.66592","1309719.844","1310486.84603","1311252.9799","1314362.83411","Mapping"
"Blocked","m150","ball","5","m150park.wav","None","727.576139558","120","1305103.69176","1312036.60653","1312803.02267","1313586.91272","1314353.26455","1315119.6065","1315886.62182","1301970.03175","1305870.1113","1306636.36667","1307402.82177","1308169.89738","1308953.66592","1309719.844","1310486.84603","1311252.9799","1315128.16165","Mapping"
"Blocked","m150","ball","5","m150bluff.wav","None","732.445323316","120","1305103.69176","1312036.60653","1312803.02267","1313586.91272","1314353.26455","1315119.6065","1315886.62182","1316669.85703","1305870.1113","1306636.36667","1307402.82177","1308169.89738","1308953.66592","1309719.844","1310486.84603","1311252.9799","1315896.06771","Mapping"
"Blocked","m150","tile","17","m150bluff.wav","None","722.359753214","120","1319803.49324","1312036.60653","1312803.02267","1313586.91272","1314353.26455","1315119.6065","1315886.62182","1316669.85703","1305870.1113","1306636.36667","1307402.82177","1308169.89738","1308953.66592","1309719.844","1310486.84603","1311252.9799","1316679.03023","Mapping"
"Blocked","m150","tile","17","m150done.wav","None","722.171466099","120","1319803.49324","1312036.60653","1312803.02267","1313586.91272","1314353.26455","1315119.6065","1315886.62182","1316669.85703","1320569.88062","1306636.36667","1307402.82177","1308169.89738","1308953.66592","1309719.844","1310486.84603","1311252.9799","1319813.44988","Mapping"
"Blocked","m150","tile","17","m150greet.wav","None","729.245061637","120","1319803.49324","1312036.60653","1312803.02267","1313586.91272","1314353.26455","1315119.6065","1315886.62182","1316669.85703","1320569.88062","1321336.36571","1307402.82177","1308169.89738","1308953.66592","1309719.844","1310486.84603","1311252.9799","1320579.34846","Mapping"
"Blocked","m150","tile","17","m150reek.wav","None","735.942392203","120","1319803.49324","1312036.60653","1312803.02267","1313586.91272","1314353.26455","1315119.6065","1315886.62182","1316669.85703","1320569.88062","1321336.36571","1322119.86589","1308169.89738","1308953.66592","1309719.844","1310486.84603","1311252.9799","1321345.67309","Mapping"
"Blocked","m150","tile","17","m150tile.wav","None","724.71318685","120","1319803.49324","1312036.60653","1312803.02267","1313586.91272","1314353.26455","1315119.6065","1315886.62182","1316669.85703","1320569.88062","1321336.36571","1322119.86589","1322886.07582","1308953.66592","1309719.844","1310486.84603","1311252.9799","1322129.81821","Mapping"
"Blocked","m150","tile","17","m150cling.wav","space","393.136581115","120","1319803.49324","1312036.60653","1312803.02267","1313586.91272","1314353.26455","1315119.6065","1315886.62182","1316669.85703","1320569.88062","1321336.36571","1322119.86589","1322886.07582","1323652.69818","1309719.844","1310486.84603","1311252.9799","1322894.91325","Mapping"
"Blocked","m150","tile","17","m150tile.wav","None","724.270140287","120","1319803.49324","1312036.60653","1312803.02267","1313586.91272","1314353.26455","1315119.6065","1315886.62182","1316669.85703","1320569.88062","1321336.36571","1322119.86589","1322886.07582","1323652.69818","1324436.31461","1310486.84603","1311252.9799","1323669.57847","Mapping"
"Blocked","m150","tile","17","m150ball.wav","space","506.120566162","120","1319803.49324","1312036.60653","1312803.02267","1313586.91272","1314353.26455","1315119.6065","1315886.62182","1316669.85703","1320569.88062","1321336.36571","1322119.86589","1322886.07582","1323652.69818","1324436.31461","1325203.47122","1311252.9799","1324445.90426","Mapping"
"Blocked","m150","tile","17","m150tile.wav","None","719.362000586","120","1319803.49324","1312036.60653","1312803.02267","1313586.91272","1314353.26455","1315119.6065","1315886.62182","1316669.85703","1320569.88062","1321336.36571","1322119.86589","1322886.07582","1323652.69818","1324436.31461","1325203.47122","1325969.65641","1325213.6211","Mapping"
"Blocked","m150","tile","17","m150romp.wav","space","428.136023053","120","1319803.49324","1326736.4615","1312803.02267","1313586.91272","1314353.26455","1315119.6065","1315886.62182","1316669.85703","1320569.88062","1321336.36571","1322119.86589","1322886.07582","1323652.69818","1324436.31461","1325203.47122","1325969.65641","1325979.86256","Mapping"
"Blocked","m150","tile","17","m150tile.wav","None","725.767470722","120","1319803.49324","1326736.4615","1327503.08757","1313586.91272","1314353.26455","1315119.6065","1315886.62182","1316669.85703","1320569.88062","1321336.36571","1322119.86589","1322886.07582","1323652.69818","1324436.31461","1325203.47122","1325969.65641","1326746.34518","Mapping"
"Blocked","m150","tile","17","m150reek.wav","space","503.004090686","120","1319803.49324","1326736.4615","1327503.08757","1328269.76342","1314353.26455","1315119.6065","1315886.62182","1316669.85703","1320569.88062","1321336.36571","1322119.86589","1322886.07582","1323652.69818","1324436.31461","1325203.47122","1325969.65641","1327512.95703","Mapping"
"Blocked","m150","tile","17","m150depth.wav","None","736.801896302","120","1319803.49324","1326736.4615","1327503.08757","1328269.76342","1329053.38294","1315119.6065","1315886.62182","1316669.85703","1320569.88062","1321336.36571","1322119.86589","1322886.07582","1323652.69818","1324436.31461","1325203.47122","1325969.65641","1328274.61807","Mapping"
"Blocked","m150","tile","17","m150jolt.wav","None","720.680009981","120","1319803.49324","1326736.4615","1327503.08757","1328269.76342","1329053.38294","1329819.45188","1315886.62182","1316669.85703","1320569.88062","1321336.36571","1322119.86589","1322886.07582","1323652.69818","1324436.31461","1325203.47122","1325969.65641","1329064.05006","Mapping"
"Blocked","m150","tile","17","m150greet.wav","None","729.271341464","120","1319803.49324","1326736.4615","1327503.08757","1328269.76342","1329053.38294","1329819.45188","1330586.24521","1316669.85703","1320569.88062","1321336.36571","1322119.86589","1322886.07582","1323652.69818","1324436.31461","1325203.47122","1325969.65641","1329828.54407","Mapping"
"Blocked","m150","tile","17","m150greet.wav","None","734.874504677","120","1319803.49324","1326736.4615","1327503.08757","1328269.76342","1329053.38294","1329819.45188","1330586.24521","1331369.66655","1320569.88062","1321336.36571","1322119.86589","1322886.07582","1323652.69818","1324436.31461","1325203.47122","1325969.65641","1330595.96905","Mapping"
"Blocked","m150","tile","16","m150reek.wav","None","724.546851125","120","1334503.40756","1326736.4615","1327503.08757","1328269.76342","1329053.38294","1329819.45188","1330586.24521","1331369.66655","1320569.88062","1321336.36571","1322119.86589","1322886.07582","1323652.69818","1324436.31461","1325203.47122","1325969.65641","1331379.28094","Mapping"
"Blocked","m150","tile","16","m150tile.wav","space","0.0386467436329","120","1334503.40756","1326736.4615","1327503.08757","1328269.76342","1329053.38294","1329819.45188","1330586.24521","1331369.66655","1335270.20337","1321336.36571","1322119.86589","1322886.07582","1323652.69818","1324436.31461","1325203.47122","1325969.65641","1334513.75562","Mapping"
"Blocked","m150","tile","16","m150jaw.wav","space","499.702419853","120","1334503.40756","1326736.4615","1327503.08757","1328269.76342","1329053.38294","1329819.45188","1330586.24521","1331369.66655","1335270.20337","1336036.80316","1322119.86589","1322886.07582","1323652.69818","1324436.31461","1325203.47122","1325969.65641","1335276.15838","Mapping"
"Blocked","m150","tile","16","m150reek.wav","None","720.200171694","120","1334503.40756","1326736.4615","1327503.08757","1328269.76342","1329053.38294","1329819.45188","1330586.24521","1331369.66655","1335270.20337","1336036.80316","1336802.9395","1322886.07582","1323652.69818","1324436.31461","1325203.47122","1325969.65641","1336046.72735","Mapping"
"Blocked","m150","tile","16","m150tile.wav","None","727.576139558","120","1334503.40756","1326736.4615","1327503.08757","1328269.76342","1329053.38294","1329819.45188","1330586.24521","1331369.66655","1335270.20337","1336036.80316","1336802.9395","1337569.43634","1323652.69818","1324436.31461","1325203.47122","1325969.65641","1336812.36932","Mapping"
"Blocked","m150","tile","16","m150depth.wav","space","452.41732453","120","1334503.40756","1326736.4615","1327503.08757","1328269.76342","1329053.38294","1329819.45188","1330586.24521","1331369.66655","1335270.20337","1336036.80316","1336802.9395","1337569.43634","1338336.19474","1324436.31461","1325203.47122","1325969.65641","1337579.42236","Mapping"
"Blocked","m150","tile","16","m150reek.wav","None","733.117158758","120","1334503.40756","1326736.4615","1327503.08757","1328269.76342","1329053.38294","1329819.45188","1330586.24521","1331369.66655","1335270.20337","1336036.80316","1336802.9395","1337569.43634","1338336.19474","1339119.664","1325203.47122","1325969.65641","1338346.34493","Mapping"
"Blocked","m150","tile","16","m150bluff.wav","None","722.382013686","120","1334503.40756","1326736.4615","1327503.08757","1328269.76342","1329053.38294","1329819.45188","1330586.24521","1331369.66655","1335270.20337","1336036.80316","1336802.9395","1337569.43634","1338336.19474","1339119.664","1339885.94751","1325969.65641","1339130.20746","Mapping"
"Blocked","m150","tile","16","m150jaw.wav","None","730.598007736","120","1334503.40756","1326736.4615","1327503.08757","1328269.76342","1329053.38294","1329819.45188","1330586.24521","1331369.66655","1335270.20337","1336036.80316","1336802.9395","1337569.43634","1338336.19474","1339119.664","1339885.94751","1340669.95628","1339894.97972","Mapping"
"Blocked","m150","tile","16","m150tile.wav","None","718.708097236","120","1334503.40756","1341436.01965","1327503.08757","1328269.76342","1329053.38294","1329819.45188","1330586.24521","1331369.66655","1335270.20337","1336036.80316","1336802.9395","1337569.43634","1338336.19474","1339119.664","1339885.94751","1340669.95628","1340680.17789","Mapping"
"Blocked","m150","tile","16","m150jolt.wav","None","726.639032655","120","1334503.40756","1341436.01965","1342202.96108","1328269.76342","1329053.38294","1329819.45188","1330586.24521","1331369.66655","1335270.20337","1336036.80316","1336802.9395","1337569.43634","1338336.19474","1339119.664","1339885.94751","1340669.95628","1341445.37588","Mapping"
"Blocked","m150","tile","16","m150gnash.wav","space","115.466344403","120","1334503.40756","1341436.01965","1342202.96108","1342969.60911","1329053.38294","1329819.45188","1330586.24521","1331369.66655","1335270.20337","1336036.80316","1336802.9395","1337569.43634","1338336.19474","1339119.664","1339885.94751","1340669.95628","1342212.26413","Mapping"
"Blocked","m150","tile","16","m150bluff.wav","None","732.241268386","120","1334503.40756","1341436.01965","1342202.96108","1342969.60911","1343753.20853","1329819.45188","1330586.24521","1331369.66655","1335270.20337","1336036.80316","1336802.9395","1337569.43634","1338336.19474","1339119.664","1339885.94751","1340669.95628","1342978.97585","Mapping"
"Blocked","m150","tile","16","m150cave.wav","None","721.113162988","120","1334503.40756","1341436.01965","1342202.96108","1342969.60911","1343753.20853","1344519.14422","1330586.24521","1331369.66655","1335270.20337","1336036.80316","1336802.9395","1337569.43634","1338336.19474","1339119.664","1339885.94751","1340669.95628","1343763.64161","Mapping"
"Blocked","m150","tile","16","m150tile.wav","None","729.304732231","120","1334503.40756","1341436.01965","1342202.96108","1342969.60911","1343753.20853","1344519.14422","1345285.99259","1331369.66655","1335270.20337","1336036.80316","1336802.9395","1337569.43634","1338336.19474","1339119.664","1339885.94751","1340669.95628","1344528.5898","Mapping"
"Blocked","m150","tile","16","m150cling.wav","None","735.282923735","120","1334503.40756","1341436.01965","1342202.96108","1342969.60911","1343753.20853","1344519.14422","1345285.99259","1346069.52585","1335270.20337","1336036.80316","1336802.9395","1337569.43634","1338336.19474","1339119.664","1339885.94751","1340669.95628","1345295.57977","Mapping"
"Blocked","m150","cave","10","m150priest.wav","space","0.034318305552","120","1349203.04858","1341436.01965","1342202.96108","1342969.60911","1343753.20853","1344519.14422","1345285.99259","1346069.52585","1335270.20337","1336036.80316","1336802.9395","1337569.43634","1338336.19474","1339119.664","1339885.94751","1340669.95628","1346078.87806","Mapping"
"Blocked","m150","cave","10","m150cave.wav","None","721.886716783","120","1349203.04858","1341436.01965","1342202.96108","1342969.60911","1343753.20853","1344519.14422","1345285.99259","1346069.52585","1349969.42762","1336036.80316","1336802.9395","1337569.43634","1338336.19474","1339119.664","1339885.94751","1340669.95628","1349213.27421","Mapping"
"Blocked","m150","cave","10","m150knife.wav","space","433.629120234","120","1349203.04858","1341436.01965","1342202.96108","1342969.60911","1343753.20853","1344519.14422","1345285.99259","1346069.52585","1349969.42762","1350736.18046","1336802.9395","1337569.43634","1338336.19474","1339119.664","1339885.94751","1340669.95628","1349973.99753","Mapping"
"Blocked","m150","cave","10","m150tile.wav","None","733.911427204","120","1349203.04858","1341436.01965","1342202.96108","1342969.60911","1343753.20853","1344519.14422","1345285.99259","1346069.52585","1349969.42762","1350736.18046","1351502.16035","1337569.43634","1338336.19474","1339119.664","1339885.94751","1340669.95628","1350740.01483","Mapping"
"Blocked","m150","cave","10","m150lash.wav","None","735.608174931","120","1349203.04858","1341436.01965","1342202.96108","1342969.60911","1343753.20853","1344519.14422","1345285.99259","1346069.52585","1349969.42762","1350736.18046","1351502.16035","1352285.66857","1338336.19474","1339119.664","1339885.94751","1340669.95628","1351511.4699","Mapping"
"Blocked","m150","cave","10","m150cave.wav","None","726.066133007","120","1349203.04858","1341436.01965","1342202.96108","1342969.60911","1343753.20853","1344519.14422","1345285.99259","1346069.52585","1349969.42762","1350736.18046","1351502.16035","1352285.66857","1353052.94113","1339119.664","1339885.94751","1340669.95628","1352294.55115","Mapping"
"Blocked","m150","cave","10","m150tile.wav","space","425.090348406","120","1349203.04858","1341436.01965","1342202.96108","1342969.60911","1343753.20853","1344519.14422","1345285.99259","1346069.52585","1349969.42762","1350736.18046","1351502.16035","1352285.66857","1353052.94113","1353819.27348","1339885.94751","1340669.95628","1353062.5212","Mapping"
"Blocked","m150","cave","10","m150dime.wav","None","729.910404421","120","1349203.04858","1341436.01965","1342202.96108","1342969.60911","1343753.20853","1344519.14422","1345285.99259","1346069.52585","1349969.42762","1350736.18046","1351502.16035","1352285.66857","1353052.94113","1353819.27348","1354603.13447","1340669.95628","1353829.18777","Mapping"
"Blocked","m150","cave","10","m150cave.wav","None","717.77655551","120","1349203.04858","1341436.01965","1342202.96108","1342969.60911","1343753.20853","1344519.14422","1345285.99259","1346069.52585","1349969.42762","1350736.18046","1351502.16035","1352285.66857","1353052.94113","1353819.27348","1354603.13447","1355369.00337","1354614.3377","Mapping"
"Blocked","m150","cave","10","m150reek.wav","None","727.262327797","120","1349203.04858","1356136.03817","1342202.96108","1342969.60911","1343753.20853","1344519.14422","1345285.99259","1346069.52585","1349969.42762","1350736.18046","1351502.16035","1352285.66857","1353052.94113","1353819.27348","1354603.13447","1355369.00337","1355378.27303","Mapping"
"Blocked","m150","cave","10","m150done.wav","space","6.12412171904","120","1349203.04858","1356136.03817","1356902.20018","1342969.60911","1343753.20853","1344519.14422","1345285.99259","1346069.52585","1349969.42762","1350736.18046","1351502.16035","1352285.66857","1353052.94113","1353819.27348","1354603.13447","1355369.00337","1356145.44944","Mapping"
"Blocked","m150","cave","10","m150priest.wav","None","732.947422133","120","1349203.04858","1356136.03817","1356902.20018","1357685.92945","1343753.20853","1344519.14422","1345285.99259","1346069.52585","1349969.42762","1350736.18046","1351502.16035","1352285.66857","1353052.94113","1353819.27348","1354603.13447","1355369.00337","1356911.45963","Mapping"
"Blocked","m150","cave","10","m150romp.wav","None","722.121689119","120","1349203.04858","1356136.03817","1356902.20018","1357685.92945","1358452.69404","1344519.14422","1345285.99259","1346069.52585","1349969.42762","1350736.18046","1351502.16035","1352285.66857","1353052.94113","1353819.27348","1354603.13447","1355369.00337","1357695.40379","Mapping"
"Blocked","m150","cave","10","m150cave.wav","None","728.192014503","120","1349203.04858","1356136.03817","1356902.20018","1357685.92945","1358452.69404","1359218.77349","1345285.99259","1346069.52585","1349969.42762","1350736.18046","1351502.16035","1352285.66857","1353052.94113","1353819.27348","1354603.13447","1355369.00337","1358462.40767","Mapping"
"Blocked","m150","cave","10","m150greet.wav","space","483.690908703","120","1349203.04858","1356136.03817","1356902.20018","1357685.92945","1358452.69404","1359218.77349","1359985.79623","1346069.52585","1349969.42762","1350736.18046","1351502.16035","1352285.66857","1353052.94113","1353819.27348","1354603.13447","1355369.00337","1359227.78128","Mapping"
"Blocked","m150","cave","10","m150cad.wav","None","733.840007917","120","1349203.04858","1356136.03817","1356902.20018","1357685.92945","1358452.69404","1359218.77349","1359985.79623","1360768.84656","1349969.42762","1350736.18046","1351502.16035","1352285.66857","1353052.94113","1353819.27348","1354603.13447","1355369.00337","1359996.0234","Mapping"
"Blocked","m150","cave","9","m150romp.wav","None","725.038128905","120","1363902.88314","1356136.03817","1356902.20018","1357685.92945","1358452.69404","1359218.77349","1359985.79623","1360768.84656","1349969.42762","1350736.18046","1351502.16035","1352285.66857","1353052.94113","1353819.27348","1354603.13447","1355369.00337","1360777.9573","Mapping"
"Blocked","m150","cave","9","m150cave.wav","None","722.024917544","120","1363902.88314","1356136.03817","1356902.20018","1357685.92945","1358452.69404","1359218.77349","1359985.79623","1360768.84656","1364669.28043","1350736.18046","1351502.16035","1352285.66857","1353052.94113","1353819.27348","1354603.13447","1355369.00337","1363912.83855","Mapping"
"Blocked","m150","cave","9","m150tile.wav","None","728.684528905","120","1363902.88314","1356136.03817","1356902.20018","1357685.92945","1358452.69404","1359218.77349","1359985.79623","1360768.84656","1364669.28043","1365435.60505","1351502.16035","1352285.66857","1353052.94113","1353819.27348","1354603.13447","1355369.00337","1364679.05126","Mapping"
"Blocked","m150","cave","9","m150depth.wav","space","34.1897148173","120","1363902.88314","1356136.03817","1356902.20018","1357685.92945","1358452.69404","1359218.77349","1359985.79623","1360768.84656","1364669.28043","1365435.60505","1366202.26482","1352285.66857","1353052.94113","1353819.27348","1354603.13447","1355369.00337","1365445.2247","Mapping"
"Blocked","m150","cave","9","m150romp.wav","None","734.493602125","120","1363902.88314","1356136.03817","1356902.20018","1357685.92945","1358452.69404","1359218.77349","1359985.79623","1360768.84656","1364669.28043","1365435.60505","1366202.26482","1366985.41811","1353052.94113","1353819.27348","1354603.13447","1355369.00337","1366211.79203","Mapping"
"Blocked","m150","cave","9","m150dime.wav","None","725.413157139","120","1363902.88314","1356136.03817","1356902.20018","1357685.92945","1358452.69404","1359218.77349","1359985.79623","1360768.84656","1364669.28043","1365435.60505","1366202.26482","1366985.41811","1367752.58709","1353819.27348","1354603.13447","1355369.00337","1366994.38447","Mapping"
"Blocked","m150","cave","9","m150cave.wav","None","729.901747545","120","1363902.88314","1356136.03817","1356902.20018","1357685.92945","1358452.69404","1359218.77349","1359985.79623","1360768.84656","1364669.28043","1365435.60505","1366202.26482","1366985.41811","1367752.58709","1368536.17662","1354603.13447","1355369.00337","1367763.15528","Mapping"
"Blocked","m150","cave","9","m150reek.wav","space","637.342425529","120","1363902.88314","1356136.03817","1356902.20018","1357685.92945","1358452.69404","1359218.77349","1359985.79623","1360768.84656","1364669.28043","1365435.60505","1366202.26482","1366985.41811","1367752.58709","1368536.17662","1369302.9579","1355369.00337","1368546.03155","Mapping"
"Blocked","m150","cave","9","m150bluff.wav","None","719.273576804","120","1363902.88314","1356136.03817","1356902.20018","1357685.92945","1358452.69404","1359218.77349","1359985.79623","1360768.84656","1364669.28043","1365435.60505","1366202.26482","1366985.41811","1367752.58709","1368536.17662","1369302.9579","1370069.12114","1369313.11334","Mapping"
"Blocked","m150","cave","9","m150cave.wav","None","726.628829958","120","1363902.88314","1370835.80039","1356902.20018","1357685.92945","1358452.69404","1359218.77349","1359985.79623","1360768.84656","1364669.28043","1365435.60505","1366202.26482","1366985.41811","1367752.58709","1368536.17662","1369302.9579","1370069.12114","1370078.97637","Mapping"
"Blocked","m150","cave","9","m150done.wav","space","433.701467002","120","1363902.88314","1370835.80039","1371602.37514","1357685.92945","1358452.69404","1359218.77349","1359985.79623","1360768.84656","1364669.28043","1365435.60505","1366202.26482","1366985.41811","1367752.58709","1368536.17662","1369302.9579","1370069.12114","1370845.64017","Mapping"
"Blocked","m150","cave","9","m150bluff.wav","None","732.209423441","120","1363902.88314","1370835.80039","1371602.37514","1372385.53492","1358452.69404","1359218.77349","1359985.79623","1360768.84656","1364669.28043","1365435.60505","1366202.26482","1366985.41811","1367752.58709","1368536.17662","1369302.9579","1370069.12114","1371612.09805","Mapping"
"Blocked","m150","cave","9","m150cad.wav","None","722.753022681","120","1363902.88314","1370835.80039","1371602.37514","1372385.53492","1373152.25807","1359218.77349","1359985.79623","1360768.84656","1364669.28043","1365435.60505","1366202.26482","1366985.41811","1367752.58709","1368536.17662","1369302.9579","1370069.12114","1372394.82374","Mapping"
"Blocked","m150","cave","9","m150cave.wav","None","728.175628232","120","1363902.88314","1370835.80039","1371602.37514","1372385.53492","1373152.25807","1373918.71348","1359985.79623","1360768.84656","1364669.28043","1365435.60505","1366202.26482","1366985.41811","1367752.58709","1368536.17662","1369302.9579","1370069.12114","1373163.15244","Mapping"
"Blocked","m150","cave","9","m150ball.wav","None","736.000826117","120","1363902.88314","1370835.80039","1371602.37514","1372385.53492","1373152.25807","1373918.71348","1374702.38741","1360768.84656","1364669.28043","1365435.60505","1366202.26482","1366985.41811","1367752.58709","1368536.17662","1369302.9579","1370069.12114","1373928.20296","Mapping"
"Blocked","m150","cave","9","m150reek.wav","space","39.3309718347","120","1363902.88314","1370835.80039","1371602.37514","1372385.53492","1373152.25807","1373918.71348","1374702.38741","1375468.63784","1364669.28043","1365435.60505","1366202.26482","1366985.41811","1367752.58709","1368536.17662","1369302.9579","1370069.12114","1374711.9412","Mapping"
"Blocked","m150","done","19","m150reek.wav","None","725.145412318","120","1378602.73687","1370835.80039","1371602.37514","1372385.53492","1373152.25807","1373918.71348","1374702.38741","1375468.63784","1364669.28043","1365435.60505","1366202.26482","1366985.41811","1367752.58709","1368536.17662","1369302.9579","1370069.12114","1375478.02127","Mapping"
"Blocked","m150","done","19","m150done.wav","None","721.545697597","120","1378602.73687","1370835.80039","1371602.37514","1372385.53492","1373152.25807","1373918.71348","1374702.38741","1375468.63784","1379368.58228","1365435.60505","1366202.26482","1366985.41811","1367752.58709","1368536.17662","1369302.9579","1370069.12114","1378613.03608","Mapping"
"Blocked","m150","done","19","m150jaw.wav","space","437.140411173","120","1378602.73687","1370835.80039","1371602.37514","1372385.53492","1373152.25807","1373918.71348","1374702.38741","1375468.63784","1379368.58228","1380135.75497","1366202.26482","1366985.41811","1367752.58709","1368536.17662","1369302.9579","1370069.12114","1379378.08691","Mapping"
"Blocked","m150","done","19","m150gnash.wav","None","728.169444774","120","1378602.73687","1370835.80039","1371602.37514","1372385.53492","1373152.25807","1373918.71348","1374702.38741","1375468.63784","1379368.58228","1380135.75497","1380901.88173","1366985.41811","1367752.58709","1368536.17662","1369302.9579","1370069.12114","1380145.43027","Mapping"
"Blocked","m150","done","19","m150done.wav","None","735.360835562","120","1378602.73687","1370835.80039","1371602.37514","1372385.53492","1373152.25807","1373918.71348","1374702.38741","1375468.63784","1379368.58228","1380135.75497","1380901.88173","1381685.20599","1367752.58709","1368536.17662","1369302.9579","1370069.12114","1380911.26052","Mapping"
"Blocked","m150","done","19","m150jaw.wav","space","416.473973892","120","1378602.73687","1370835.80039","1371602.37514","1372385.53492","1373152.25807","1373918.71348","1374702.38741","1375468.63784","1379368.58228","1380135.75497","1380901.88173","1381685.20599","1382452.73392","1368536.17662","1369302.9579","1370069.12114","1381694.69609","Mapping"
"Blocked","m150","done","19","m150bluff.wav","None","723.24460966","120","1378602.73687","1370835.80039","1371602.37514","1372385.53492","1373152.25807","1373918.71348","1374702.38741","1375468.63784","1379368.58228","1380135.75497","1380901.88173","1381685.20599","1382452.73392","1383218.86748","1369302.9579","1370069.12114","1382462.64511","Mapping"
"Blocked","m150","done","19","m150done.wav","None","730.761560902","120","1378602.73687","1370835.80039","1371602.37514","1372385.53492","1373152.25807","1373918.71348","1374702.38741","1375468.63784","1379368.58228","1380135.75497","1380901.88173","1381685.20599","1382452.73392","1383218.86748","1384002.16669","1370069.12114","1383228.50598","Mapping"
"Blocked","m150","done","19","m150lash.wav","space","515.734336572","120","1378602.73687","1370835.80039","1371602.37514","1372385.53492","1373152.25807","1373918.71348","1374702.38741","1375468.63784","1379368.58228","1380135.75497","1380901.88173","1381685.20599","1382452.73392","1383218.86748","1384002.16669","1384769.12544","1384011.41564","Mapping"
"Blocked","m150","done","19","m150dime.wav","None","719.089618186","120","1378602.73687","1385535.18696","1371602.37514","1372385.53492","1373152.25807","1373918.71348","1374702.38741","1375468.63784","1379368.58228","1380135.75497","1380901.88173","1381685.20599","1382452.73392","1383218.86748","1384002.16669","1384769.12544","1384779.34983","Mapping"
"Blocked","m150","done","19","m150park.wav","None","727.09846549","120","1378602.73687","1385535.18696","1386301.97504","1372385.53492","1373152.25807","1373918.71348","1374702.38741","1375468.63784","1379368.58228","1380135.75497","1380901.88173","1381685.20599","1382452.73392","1383218.86748","1384002.16669","1384769.12544","1385544.62233","Mapping"
"Blocked","m150","done","19","m150greet.wav","None","733.889166615","120","1378602.73687","1385535.18696","1386301.97504","1387085.90991","1373152.25807","1373918.71348","1374702.38741","1375468.63784","1379368.58228","1380135.75497","1380901.88173","1381685.20599","1382452.73392","1383218.86748","1384002.16669","1384769.12544","1386311.59406","Mapping"
"Blocked","m150","done","19","m150done.wav","None","722.869581368","120","1378602.73687","1385535.18696","1386301.97504","1387085.90991","1387852.04718","1373918.71348","1374702.38741","1375468.63784","1379368.58228","1380135.75497","1380901.88173","1381685.20599","1382452.73392","1383218.86748","1384002.16669","1384769.12544","1387095.97724","Mapping"
"Blocked","m150","done","19","m150lash.wav","space","401.428013633","120","1378602.73687","1385535.18696","1386301.97504","1387085.90991","1387852.04718","1388618.88164","1374702.38741","1375468.63784","1379368.58228","1380135.75497","1380901.88173","1381685.20599","1382452.73392","1383218.86748","1384002.16669","1384769.12544","1387861.66312","Mapping"
"Blocked","m150","done","19","m150greet.wav","None","729.389755114","120","1378602.73687","1385535.18696","1386301.97504","1387085.90991","1387852.04718","1388618.88164","1389402.43221","1375468.63784","1379368.58228","1380135.75497","1380901.88173","1381685.20599","1382452.73392","1383218.86748","1384002.16669","1384769.12544","1388629.00245","Mapping"
"Blocked","m150","done","19","m150knife.wav","None","719.343450095","120","1378602.73687","1385535.18696","1386301.97504","1387085.90991","1387852.04718","1388618.88164","1389402.43221","1390168.73612","1379368.58228","1380135.75497","1380901.88173","1381685.20599","1382452.73392","1383218.86748","1384002.16669","1384769.12544","1389412.24911","Mapping"
"Blocked","m150","done","23","m150depth.wav","None","726.35830252","120","1393302.61472","1385535.18696","1386301.97504","1387085.90991","1387852.04718","1388618.88164","1389402.43221","1390168.73612","1379368.58228","1380135.75497","1380901.88173","1381685.20599","1382452.73392","1383218.86748","1384002.16669","1384769.12544","1390178.47882","Mapping"
"Blocked","m150","done","23","m150done.wav","None","721.710796643","120","1393302.61472","1385535.18696","1386301.97504","1387085.90991","1387852.04718","1388618.88164","1389402.43221","1390168.73612","1394068.52907","1380135.75497","1380901.88173","1381685.20599","1382452.73392","1383218.86748","1384002.16669","1384769.12544","1393312.66504","Mapping"
"Blocked","m150","done","23","m150reek.wav","None","729.749015532","120","1393302.61472","1385535.18696","1386301.97504","1387085.90991","1387852.04718","1388618.88164","1389402.43221","1390168.73612","1394068.52907","1394852.55856","1380901.88173","1381685.20599","1382452.73392","1383218.86748","1384002.16669","1384769.12544","1394078.01577","Mapping"
"Blocked","m150","done","23","m150knife.wav","None","717.348349339","120","1393302.61472","1385535.18696","1386301.97504","1387085.90991","1387852.04718","1388618.88164","1389402.43221","1390168.73612","1394068.52907","1394852.55856","1395618.73323","1381685.20599","1382452.73392","1383218.86748","1384002.16669","1384769.12544","1394863.87062","Mapping"
"Blocked","m150","done","23","m150done.wav","None","726.018829329","120","1393302.61472","1385535.18696","1386301.97504","1387085.90991","1387852.04718","1388618.88164","1389402.43221","1390168.73612","1394068.52907","1394852.55856","1395618.73323","1396385.01767","1382452.73392","1383218.86748","1384002.16669","1384769.12544","1395628.72883","Mapping"
"Blocked","m150","done","23","m150gnash.wav","space","556.942923053","120","1393302.61472","1385535.18696","1386301.97504","1387085.90991","1387852.04718","1388618.88164","1389402.43221","1390168.73612","1394068.52907","1394852.55856","1395618.73323","1396385.01767","1397151.54944","1383218.86748","1384002.16669","1384769.12544","1396394.00165","Mapping"
"Blocked","m150","done","23","m150ball.wav","None","732.967827644","120","1393302.61472","1385535.18696","1386301.97504","1387085.90991","1387852.04718","1388618.88164","1389402.43221","1390168.73612","1394068.52907","1394852.55856","1395618.73323","1396385.01767","1397151.54944","1397935.74774","1384002.16669","1384769.12544","1397160.71707","Mapping"
"Blocked","m150","done","23","m150tile.wav","None","720.989184163","120","1393302.61472","1385535.18696","1386301.97504","1387085.90991","1387852.04718","1388618.88164","1389402.43221","1390168.73612","1394068.52907","1394852.55856","1395618.73323","1396385.01767","1397151.54944","1397935.74774","1398701.9017","1384769.12544","1397946.45413","Mapping"
"Blocked","m150","done","23","m150romp.wav","None","729.175806628","120","1393302.61472","1385535.18696","1386301.97504","1387085.90991","1387852.04718","1388618.88164","1389402.43221","1390168.73612","1394068.52907","1394852.55856","1395618.73323","1396385.01767","1397151.54944","1397935.74774","1398701.9017","1399485.1261","1398711.69634","Mapping"
"Blocked","m150","done","23","m150romp.wav","None","720.511200954","120","1393302.61472","1400251.86594","1386301.97504","1387085.90991","1387852.04718","1388618.88164","1389402.43221","1390168.73612","1394068.52907","1394852.55856","1395618.73323","1396385.01767","1397151.54944","1397935.74774","1398701.9017","1399485.1261","1399494.50768","Mapping"
"Blocked","m150","done","23","m150depth.wav","None","726.551536354","120","1393302.61472","1400251.86594","1401018.28456","1387085.90991","1387852.04718","1388618.88164","1389402.43221","1390168.73612","1394068.52907","1394852.55856","1395618.73323","1396385.01767","1397151.54944","1397935.74774","1398701.9017","1399485.1261","1400261.74529","Mapping"
"Blocked","m150","done","23","m150gnash.wav","None","734.089820704","120","1393302.61472","1400251.86594","1401018.28456","1401802.78739","1387852.04718","1388618.88164","1389402.43221","1390168.73612","1394068.52907","1394852.55856","1395618.73323","1396385.01767","1397151.54944","1397935.74774","1398701.9017","1399485.1261","1401027.75796","Mapping"
"Blocked","m150","done","23","m150done.wav","None","722.498572373","120","1393302.61472","1400251.86594","1401018.28456","1401802.78739","1402568.41236","1388618.88164","1389402.43221","1390168.73612","1394068.52907","1394852.55856","1395618.73323","1396385.01767","1397151.54944","1397935.74774","1398701.9017","1399485.1261","1401812.89151","Mapping"
"Blocked","m150","done","23","m150lash.wav","space","421.086233924","120","1393302.61472","1400251.86594","1401018.28456","1401802.78739","1402568.41236","1403335.33276","1389402.43221","1390168.73612","1394068.52907","1394852.55856","1395618.73323","1396385.01767","1397151.54944","1397935.74774","1398701.9017","1399485.1261","1402577.77013","Mapping"
"Blocked","m150","done","23","m150done.wav","None","729.28339924","120","1393302.61472","1400251.86594","1401018.28456","1401802.78739","1402568.41236","1403335.33276","1404118.67093","1390168.73612","1394068.52907","1394852.55856","1395618.73323","1396385.01767","1397151.54944","1397935.74774","1398701.9017","1399485.1261","1403345.19202","Mapping"
"Blocked","m150","done","23","m150knife.wav","space","374.95590403","120","1393302.61472","1400251.86594","1401018.28456","1401802.78739","1402568.41236","1403335.33276","1404118.67093","1404885.63122","1394068.52907","1394852.55856","1395618.73323","1396385.01767","1397151.54944","1397935.74774","1398701.9017","1399485.1261","1404127.8902","Mapping"
"Blocked","m150","cave","12","m150park.wav","None","718.339870858","120","1408019.00988","1400251.86594","1401018.28456","1401802.78739","1402568.41236","1403335.33276","1404118.67093","1404885.63122","1394068.52907","1394852.55856","1395618.73323","1396385.01767","1397151.54944","1397935.74774","1398701.9017","1399485.1261","1404896.07946","Mapping"
"Blocked","m150","cave","12","m150tile.wav","None","722.475693503","120","1408019.00988","1400251.86594","1401018.28456","1401802.78739","1402568.41236","1403335.33276","1404118.67093","1404885.63122","1408785.20651","1394852.55856","1395618.73323","1396385.01767","1397151.54944","1397935.74774","1398701.9017","1399485.1261","1408028.9118","Mapping"
"Blocked","m150","cave","12","m150cave.wav","None","729.589790804","120","1408019.00988","1400251.86594","1401018.28456","1401802.78739","1402568.41236","1403335.33276","1404118.67093","1404885.63122","1408785.20651","1409568.96887","1395618.73323","1396385.01767","1397151.54944","1397935.74774","1398701.9017","1399485.1261","1408795.70854","Mapping"
"Blocked","m150","cave","12","m150dime.wav","space","535.028349725","120","1408019.00988","1400251.86594","1401018.28456","1401802.78739","1402568.41236","1403335.33276","1404118.67093","1404885.63122","1408785.20651","1409568.96887","1410319.02599","1396385.01767","1397151.54944","1397935.74774","1398701.9017","1399485.1261","1409575.74102","Mapping"
"Blocked","m150","cave","12","m150jaw.wav","None","735.426071333","120","1408019.00988","1400251.86594","1401018.28456","1401802.78739","1402568.41236","1403335.33276","1404118.67093","1404885.63122","1408785.20651","1409568.96887","1410319.02599","1411101.65584","1397151.54944","1397935.74774","1398701.9017","1399485.1261","1410328.76096","Mapping"
"Blocked","m150","cave","12","m150bluff.wav","None","726.056239393","120","1408019.00988","1400251.86594","1401018.28456","1401802.78739","1402568.41236","1403335.33276","1404118.67093","1404885.63122","1408785.20651","1409568.96887","1410319.02599","1411101.65584","1411868.21019","1397935.74774","1398701.9017","1399485.1261","1411111.62362","Mapping"
"Blocked","m150","cave","12","m150lash.wav","None","733.484457654","120","1408019.00988","1400251.86594","1401018.28456","1401802.78739","1402568.41236","1403335.33276","1404118.67093","1404885.63122","1408785.20651","1409568.96887","1410319.02599","1411101.65584","1411868.21019","1412652.2607","1398701.9017","1399485.1261","1411877.34783","Mapping"
"Blocked","m150","cave","12","m150cave.wav","None","722.176412935","120","1408019.00988","1400251.86594","1401018.28456","1401802.78739","1402568.41236","1403335.33276","1404118.67093","1404885.63122","1408785.20651","1409568.96887","1410319.02599","1411101.65584","1411868.21019","1412652.2607","1413418.38745","1399485.1261","1412662.4789","Mapping"
"Blocked","m150","cave","12","m150depth.wav","space","410.680977686","120","1408019.00988","1400251.86594","1401018.28456","1401802.78739","1402568.41236","1403335.33276","1404118.67093","1404885.63122","1408785.20651","1409568.96887","1410319.02599","1411101.65584","1411868.21019","1412652.2607","1413418.38745","1414185.16471","1413428.0343","Mapping"
"Blocked","m150","cave","12","m150cad.wav","None","728.234680544","120","1408019.00988","1414951.88013","1401018.28456","1401802.78739","1402568.41236","1403335.33276","1404118.67093","1404885.63122","1408785.20651","1409568.96887","1410319.02599","1411101.65584","1411868.21019","1412652.2607","1413418.38745","1414185.16471","1414195.41507","Mapping"
"Blocked","m150","cave","12","m150greet.wav","None","735.472447472","120","1408019.00988","1414951.88013","1415734.90666","1401802.78739","1402568.41236","1403335.33276","1404118.67093","1404885.63122","1408785.20651","1409568.96887","1410319.02599","1411101.65584","1411868.21019","1412652.2607","1413418.38745","1414185.16471","1414961.6049","Mapping"
"Blocked","m150","cave","12","m150cave.wav","None","726.601622591","120","1408019.00988","1414951.88013","1415734.90666","1416501.60786","1402568.41236","1403335.33276","1404118.67093","1404885.63122","1408785.20651","1409568.96887","1410319.02599","1411101.65584","1411868.21019","1412652.2607","1413418.38745","1414185.16471","1415744.47034","Mapping"
"Blocked","m150","cave","12","m150park.wav","space","479.483357631","120","1408019.00988","1414951.88013","1415734.90666","1416501.60786","1417268.42655","1403335.33276","1404118.67093","1404885.63122","1408785.20651","1409568.96887","1410319.02599","1411101.65584","1411868.21019","1412652.2607","1413418.38745","1414185.16471","1416511.20277","Mapping"
"Blocked","m150","cave","12","m150cave.wav","None","737.550716149","120","1408019.00988","1414951.88013","1415734.90666","1416501.60786","1417268.42655","1418052.36235","1404118.67093","1404885.63122","1408785.20651","1409568.96887","1410319.02599","1411101.65584","1411868.21019","1412652.2607","1413418.38745","1414185.16471","1417273.11827","Mapping"
"Blocked","m150","cave","12","m150done.wav","space","528.062037658","120","1408019.00988","1414951.88013","1415734.90666","1416501.60786","1417268.42655","1418052.36235","1418818.32401","1404885.63122","1408785.20651","1409568.96887","1410319.02599","1411101.65584","1411868.21019","1412652.2607","1413418.38745","1414185.16471","1418062.56943","Mapping"
"Blocked","m150","cave","12","m150gnash.wav","None","722.366245871","120","1408019.00988","1414951.88013","1415734.90666","1416501.60786","1417268.42655","1418052.36235","1418818.32401","1419584.85702","1408785.20651","1409568.96887","1410319.02599","1411101.65584","1411868.21019","1412652.2607","1413418.38745","1414185.16471","1418827.43599","Mapping"
"Blocked","m150","cave","11","m150gnash.wav","None","728.44986571","120","1422718.66079","1414951.88013","1415734.90666","1416501.60786","1417268.42655","1418052.36235","1418818.32401","1419584.85702","1408785.20651","1409568.96887","1410319.02599","1411101.65584","1411868.21019","1412652.2607","1413418.38745","1414185.16471","1419594.5317","Mapping"
"Blocked","m150","cave","11","m150cave.wav","None","722.532581538","120","1422718.66079","1414951.88013","1415734.90666","1416501.60786","1417268.42655","1418052.36235","1418818.32401","1419584.85702","1423485.06333","1409568.96887","1410319.02599","1411101.65584","1411868.21019","1412652.2607","1413418.38745","1414185.16471","1422728.51015","Mapping"
"Blocked","m150","cave","11","m150romp.wav","space","454.936166352","120","1422718.66079","1414951.88013","1415734.90666","1416501.60786","1417268.42655","1418052.36235","1418818.32401","1419584.85702","1423485.06333","1424251.54595","1410319.02599","1411101.65584","1411868.21019","1412652.2607","1413418.38745","1414185.16471","1423495.6173","Mapping"
"Blocked","m150","cave","11","m150cad.wav","None","730.064063973","120","1422718.66079","1414951.88013","1415734.90666","1416501.60786","1417268.42655","1418052.36235","1418818.32401","1419584.85702","1423485.06333","1424251.54595","1425035.31851","1411101.65584","1411868.21019","1412652.2607","1413418.38745","1414185.16471","1424261.26638","Mapping"
"Blocked","m150","cave","11","m150depth.wav","None","719.403739087","120","1422718.66079","1414951.88013","1415734.90666","1416501.60786","1417268.42655","1418052.36235","1418818.32401","1419584.85702","1423485.06333","1424251.54595","1425035.31851","1425801.13547","1411868.21019","1412652.2607","1413418.38745","1414185.16471","1425045.05997","Mapping"
"Blocked","m150","cave","11","m150jaw.wav","None","727.313341515","120","1422718.66079","1414951.88013","1415734.90666","1416501.60786","1417268.42655","1418052.36235","1418818.32401","1419584.85702","1423485.06333","1424251.54595","1425035.31851","1425801.13547","1426568.13657","1412652.2607","1413418.38745","1414185.16471","1425810.81355","Mapping"
"Blocked","m150","cave","11","m150cad.wav","None","733.122105536","120","1422718.66079","1414951.88013","1415734.90666","1416501.60786","1417268.42655","1418052.36235","1418818.32401","1419584.85702","1423485.06333","1424251.54595","1425035.31851","1425801.13547","1426568.13657","1427351.3486","1413418.38745","1414185.16471","1426578.32201","Mapping"
"Blocked","m150","cave","11","m150cave.wav","None","724.851696868","120","1422718.66079","1414951.88013","1415734.90666","1416501.60786","1417268.42655","1418052.36235","1418818.32401","1419584.85702","1423485.06333","1424251.54595","1425035.31851","1425801.13547","1426568.13657","1427351.3486","1428118.27921","1414185.16471","1427360.56601","Mapping"
"Blocked","m150","cave","11","m150tile.wav","space","454.967392958","120","1422718.66079","1414951.88013","1415734.90666","1416501.60786","1417268.42655","1418052.36235","1418818.32401","1419584.85702","1423485.06333","1424251.54595","1425035.31851","1425801.13547","1426568.13657","1427351.3486","1428118.27921","1428884.72565","1428127.50342","Mapping"
"Blocked","m150","cave","11","m150knife.wav","None","729.324828542","120","1422718.66079","1429668.63796","1415734.90666","1416501.60786","1417268.42655","1418052.36235","1418818.32401","1419584.85702","1423485.06333","1424251.54595","1425035.31851","1425801.13547","1426568.13657","1427351.3486","1428118.27921","1428884.72565","1428895.07959","Mapping"
"Blocked","m150","cave","11","m150bluff.wav","None","718.841042137","120","1422718.66079","1429668.63796","1430434.52016","1416501.60786","1417268.42655","1418052.36235","1418818.32401","1419584.85702","1423485.06333","1424251.54595","1425035.31851","1425801.13547","1426568.13657","1427351.3486","1428118.27921","1428884.72565","1429679.08094","Mapping"
"Blocked","m150","cave","11","m150priest.wav","None","728.009601706","120","1422718.66079","1429668.63796","1430434.52016","1431201.02813","1417268.42655","1418052.36235","1418818.32401","1419584.85702","1423485.06333","1424251.54595","1425035.31851","1425801.13547","1426568.13657","1427351.3486","1428118.27921","1428884.72565","1430443.55825","Mapping"
"Blocked","m150","cave","11","m150cave.wav","None","734.443825029","120","1422718.66079","1429668.63796","1430434.52016","1431201.02813","1431985.22611","1418052.36235","1418818.32401","1419584.85702","1423485.06333","1424251.54595","1425035.31851","1425801.13547","1426568.13657","1427351.3486","1428118.27921","1428884.72565","1431210.44897","Mapping"
"Blocked","m150","cave","11","m150cling.wav","space","490.884772968","120","1422718.66079","1429668.63796","1430434.52016","1431201.02813","1431985.22611","1432752.04109","1418818.32401","1419584.85702","1423485.06333","1424251.54595","1425035.31851","1425801.13547","1426568.13657","1427351.3486","1428118.27921","1428884.72565","1431995.555","Mapping"
"Blocked","m150","cave","11","m150cave.wav","None","727.620969759","120","1422718.66079","1429668.63796","1430434.52016","1431201.02813","1431985.22611","1432752.04109","1433518.19073","1419584.85702","1423485.06333","1424251.54595","1425035.31851","1425801.13547","1426568.13657","1427351.3486","1428118.27921","1428884.72565","1432756.57266","Mapping"
"Blocked","m150","cave","11","m150cling.wav","space","718.194558984","120","1422718.66079","1429668.63796","1430434.52016","1431201.02813","1431985.22611","1432752.04109","1433518.19073","1434284.6418","1423485.06333","1424251.54595","1425035.31851","1425801.13547","1426568.13657","1427351.3486","1428118.27921","1428884.72565","1433528.20024","Mapping"
"Blocked","m150","done","20","m150priest.wav","None","729.188173602","120","1437435.12954","1429668.63796","1430434.52016","1431201.02813","1431985.22611","1432752.04109","1433518.19073","1434284.6418","1423485.06333","1424251.54595","1425035.31851","1425801.13547","1426568.13657","1427351.3486","1428118.27921","1428884.72565","1434294.3978","Mapping"
"Blocked","m150","done","20","m150depth.wav","None","721.767993819","120","1437435.12954","1429668.63796","1430434.52016","1431201.02813","1431985.22611","1432752.04109","1433518.19073","1434284.6418","1438201.2597","1424251.54595","1425035.31851","1425801.13547","1426568.13657","1427351.3486","1428118.27921","1428884.72565","1437445.23892","Mapping"
"Blocked","m150","done","20","m150cave.wav","None","729.834038415","120","1437435.12954","1429668.63796","1430434.52016","1431201.02813","1431985.22611","1432752.04109","1433518.19073","1434284.6418","1438201.2597","1438985.18623","1425035.31851","1425801.13547","1426568.13657","1427351.3486","1428118.27921","1428884.72565","1438210.63046","Mapping"
"Blocked","m150","done","20","m150done.wav","None","719.066430058","120","1437435.12954","1429668.63796","1430434.52016","1431201.02813","1431985.22611","1432752.04109","1433518.19073","1434284.6418","1438201.2597","1438985.18623","1439751.23105","1425801.13547","1426568.13657","1427351.3486","1428118.27921","1428884.72565","1438995.26716","Mapping"
"Blocked","m150","done","20","m150gnash.wav","space","525.450134417","120","1437435.12954","1429668.63796","1430434.52016","1431201.02813","1431985.22611","1432752.04109","1433518.19073","1434284.6418","1438201.2597","1438985.18623","1439751.23105","1440518.08715","1426568.13657","1427351.3486","1428118.27921","1428884.72565","1439760.88749","Mapping"
"Blocked","m150","done","20","m150done.wav","None","725.828068855","120","1437435.12954","1429668.63796","1430434.52016","1431201.02813","1431985.22611","1432752.04109","1433518.19073","1434284.6418","1438201.2597","1438985.18623","1439751.23105","1440518.08715","1441284.76238","1427351.3486","1428118.27921","1428884.72565","1440527.81624","Mapping"
"Blocked","m150","done","20","m150cad.wav","space","431.585788203","120","1437435.12954","1429668.63796","1430434.52016","1431201.02813","1431985.22611","1432752.04109","1433518.19073","1434284.6418","1438201.2597","1438985.18623","1439751.23105","1440518.08715","1441284.76238","1442051.41783","1428118.27921","1428884.72565","1441294.70048","Mapping"
"Blocked","m150","done","20","m150bluff.wav","None","731.709797983","120","1437435.12954","1429668.63796","1430434.52016","1431201.02813","1431985.22611","1432752.04109","1433518.19073","1434284.6418","1438201.2597","1438985.18623","1439751.23105","1440518.08715","1441284.76238","1442051.41783","1442835.05497","1428884.72565","1442061.08508","Mapping"
"Blocked","m150","done","20","m150priest.wav","None","721.310106921","120","1437435.12954","1429668.63796","1430434.52016","1431201.02813","1431985.22611","1432752.04109","1433518.19073","1434284.6418","1438201.2597","1438985.18623","1439751.23105","1440518.08715","1441284.76238","1442051.41783","1442835.05497","1443601.31745","1442846.20163","Mapping"
"Blocked","m150","done","20","m150done.wav","None","730.139502499","120","1437435.12954","1444384.78641","1430434.52016","1431201.02813","1431985.22611","1432752.04109","1433518.19073","1434284.6418","1438201.2597","1438985.18623","1439751.23105","1440518.08715","1441284.76238","1442051.41783","1442835.05497","1443601.31745","1443611.13713","Mapping"
"Blocked","m150","done","20","m150park.wav","space","420.280216902","120","1437435.12954","1444384.78641","1445151.07177","1431201.02813","1431985.22611","1432752.04109","1433518.19073","1434284.6418","1438201.2597","1438985.18623","1439751.23105","1440518.08715","1441284.76238","1442051.41783","1442835.05497","1443601.31745","1444393.96517","Mapping"
"Blocked","m150","done","20","m150tile.wav","None","720.916837396","120","1437435.12954","1444384.78641","1445151.07177","1445917.97424","1431985.22611","1432752.04109","1433518.19073","1434284.6418","1438201.2597","1438985.18623","1439751.23105","1440518.08715","1441284.76238","1442051.41783","1442835.05497","1443601.31745","1445160.17014","Mapping"
"Blocked","m150","done","20","m150cad.wav","None","727.127837017","120","1437435.12954","1444384.78641","1445151.07177","1445917.97424","1446684.22498","1432752.04109","1433518.19073","1434284.6418","1438201.2597","1438985.18623","1439751.23105","1440518.08715","1441284.76238","1442051.41783","1442835.05497","1443601.31745","1445927.54813","Mapping"
"Blocked","m150","done","20","m150done.wav","None","735.07052107","120","1437435.12954","1444384.78641","1445151.07177","1445917.97424","1446684.22498","1447467.97435","1433518.19073","1434284.6418","1438201.2597","1438985.18623","1439751.23105","1440518.08715","1441284.76238","1442051.41783","1442835.05497","1443601.31745","1446693.52586","Mapping"
"Blocked","m150","done","20","m150cad.wav","space","448.446291673","120","1437435.12954","1444384.78641","1445151.07177","1445917.97424","1446684.22498","1447467.97435","1448235.09912","1434284.6418","1438201.2597","1438985.18623","1439751.23105","1440518.08715","1441284.76238","1442051.41783","1442835.05497","1443601.31745","1447477.73745","Mapping"
"Blocked","m150","done","20","m150bluff.wav","None","722.473220143","120","1437435.12954","1444384.78641","1445151.07177","1445917.97424","1446684.22498","1447467.97435","1448235.09912","1449000.96555","1438201.2597","1438985.18623","1439751.23105","1440518.08715","1441284.76238","1442051.41783","1442835.05497","1443601.31745","1448245.64845","Mapping"
"Blocked","m150","tile","13","m150dime.wav","None","731.457511894","120","1452151.53986","1444384.78641","1445151.07177","1445917.97424","1446684.22498","1447467.97435","1448235.09912","1449000.96555","1438201.2597","1438985.18623","1439751.23105","1440518.08715","1441284.76238","1442051.41783","1442835.05497","1443601.31745","1449010.59849","Mapping"
"Blocked","m150","tile","13","m150ball.wav","None","722.608020063","120","1452151.53986","1444384.78641","1445151.07177","1445917.97424","1446684.22498","1447467.97435","1448235.09912","1449000.96555","1452917.84655","1438985.18623","1439751.23105","1440518.08715","1441284.76238","1442051.41783","1442835.05497","1443601.31745","1452161.06304","Mapping"
"Blocked","m150","tile","13","m150cad.wav","None","730.110749253","120","1452151.53986","1444384.78641","1445151.07177","1445917.97424","1446684.22498","1447467.97435","1448235.09912","1449000.96555","1452917.84655","1453701.04621","1439751.23105","1440518.08715","1441284.76238","1442051.41783","1442835.05497","1443601.31745","1452927.47114","Mapping"
"Blocked","m150","tile","13","m150tile.wav","None","721.108834608","120","1452151.53986","1444384.78641","1445151.07177","1445917.97424","1446684.22498","1447467.97435","1448235.09912","1449000.96555","1452917.84655","1453701.04621","1454467.94869","1440518.08715","1441284.76238","1442051.41783","1442835.05497","1443601.31745","1453710.48808","Mapping"
"Blocked","m150","tile","13","m150gnash.wav","space","464.992364927","120","1452151.53986","1444384.78641","1445151.07177","1445917.97424","1446684.22498","1447467.97435","1448235.09912","1449000.96555","1452917.84655","1453701.04621","1454467.94869","1455234.56208","1441284.76238","1442051.41783","1442835.05497","1443601.31745","1454477.10086","Mapping"
"Blocked","m150","tile","13","m150lash.wav","None","726.451363938","120","1452151.53986","1444384.78641","1445151.07177","1445917.97424","1446684.22498","1447467.97435","1448235.09912","1449000.96555","1452917.84655","1453701.04621","1454467.94869","1455234.56208","1456000.91639","1442051.41783","1442835.05497","1443601.31745","1455244.7976","Mapping"
"Blocked","m150","tile","13","m150romp.wav","None","734.586663544","120","1452151.53986","1444384.78641","1445151.07177","1445917.97424","1446684.22498","1447467.97435","1448235.09912","1449000.96555","1452917.84655","1453701.04621","1454467.94869","1455234.56208","1456000.91639","1456784.52231","1442835.05497","1443601.31745","1456010.0865","Mapping"
"Blocked","m150","tile","13","m150depth.wav","None","724.742249236","120","1452151.53986","1444384.78641","1445151.07177","1445917.97424","1446684.22498","1447467.97435","1448235.09912","1449000.96555","1452917.84655","1453701.04621","1454467.94869","1455234.56208","1456000.91639","1456784.52231","1457550.98143","1443601.31745","1456794.59829","Mapping"
"Blocked","m150","tile","13","m150tile.wav","None","732.500665472","120","1452151.53986","1444384.78641","1445151.07177","1445917.97424","1446684.22498","1447467.97435","1448235.09912","1449000.96555","1452917.84655","1453701.04621","1454467.94869","1455234.56208","1456000.91639","1456784.52231","1457550.98143","1458334.7543","1457560.5785","Mapping"
"Blocked","m150","tile","13","m150knife.wav","space","396.996002062","120","1452151.53986","1459101.45488","1445151.07177","1445917.97424","1446684.22498","1447467.97435","1448235.09912","1449000.96555","1452917.84655","1453701.04621","1454467.94869","1455234.56208","1456000.91639","1456784.52231","1457550.98143","1458334.7543","1458345.02815","Mapping"
"Blocked","m150","tile","13","m150tile.wav","None","720.785747573","120","1452151.53986","1459101.45488","1459867.65367","1445917.97424","1446684.22498","1447467.97435","1448235.09912","1449000.96555","1452917.84655","1453701.04621","1454467.94869","1455234.56208","1456000.91639","1456784.52231","1457550.98143","1458334.7543","1459111.79181","Mapping"
"Blocked","m150","tile","13","m150ball.wav","space","512.739057303","120","1452151.53986","1459101.45488","1459867.65367","1460634.47113","1446684.22498","1447467.97435","1448235.09912","1449000.96555","1452917.84655","1453701.04621","1454467.94869","1455234.56208","1456000.91639","1456784.52231","1457550.98143","1458334.7543","1459877.28692","Mapping"
"Blocked","m150","tile","13","m150romp.wav","None","727.869854949","120","1452151.53986","1459101.45488","1459867.65367","1460634.47113","1461401.4308","1447467.97435","1448235.09912","1449000.96555","1452917.84655","1453701.04621","1454467.94869","1455234.56208","1456000.91639","1456784.52231","1457550.98143","1458334.7543","1460644.63028","Mapping"
"Blocked","m150","tile","13","m150tile.wav","None","735.503983218","120","1452151.53986","1459101.45488","1459867.65367","1460634.47113","1461401.4308","1462184.42084","1448235.09912","1449000.96555","1452917.84655","1453701.04621","1454467.94869","1455234.56208","1456000.91639","1456784.52231","1457550.98143","1458334.7543","1461411.29005","Mapping"
"Blocked","m150","tile","13","m150bluff.wav","None","725.969670631","120","1452151.53986","1459101.45488","1459867.65367","1460634.47113","1461401.4308","1462184.42084","1462950.81843","1449000.96555","1452917.84655","1453701.04621","1454467.94869","1455234.56208","1456000.91639","1456784.52231","1457550.98143","1458334.7543","1462194.50981","Mapping"
"Blocked","m150","tile","13","m150cling.wav","space","189.802014153","120","1452151.53986","1459101.45488","1459867.65367","1460634.47113","1461401.4308","1462184.42084","1462950.81843","1463717.79047","1452917.84655","1453701.04621","1454467.94869","1455234.56208","1456000.91639","1456784.52231","1457550.98143","1458334.7543","1462960.15487","Mapping"
"Blocked","m150","done","21","m150jaw.wav","None","733.302972396","120","1466867.9984","1459101.45488","1459867.65367","1460634.47113","1461401.4308","1462184.42084","1462950.81843","1463717.79047","1452917.84655","1453701.04621","1454467.94869","1455234.56208","1456000.91639","1456784.52231","1457550.98143","1458334.7543","1463727.27098","Mapping"
"Blocked","m150","done","21","m150dime.wav","None","722.331000026","120","1466867.9984","1459101.45488","1459867.65367","1460634.47113","1461401.4308","1462184.42084","1462950.81843","1463717.79047","1467634.04106","1453701.04621","1454467.94869","1455234.56208","1456000.91639","1456784.52231","1457550.98143","1458334.7543","1466878.17209","Mapping"
"Blocked","m150","done","21","m150tile.wav","None","734.740013955","120","1466867.9984","1459101.45488","1459867.65367","1460634.47113","1461401.4308","1462184.42084","1462950.81843","1463717.79047","1467634.04106","1468417.38913","1454467.94869","1455234.56208","1456000.91639","1456784.52231","1457550.98143","1458334.7543","1467643.23343","Mapping"
"Blocked","m150","done","21","m150done.wav","None","725.401717762","120","1466867.9984","1459101.45488","1459867.65367","1460634.47113","1461401.4308","1462184.42084","1462950.81843","1463717.79047","1467634.04106","1468417.38913","1469184.33705","1455234.56208","1456000.91639","1456784.52231","1457550.98143","1458334.7543","1468426.51688","Mapping"
"Blocked","m150","done","21","m150lash.wav","space","411.732479057","120","1466867.9984","1459101.45488","1459867.65367","1460634.47113","1461401.4308","1462184.42084","1462950.81843","1463717.79047","1467634.04106","1468417.38913","1469184.33705","1469950.93221","1456000.91639","1456784.52231","1457550.98143","1458334.7543","1469194.1119","Mapping"
"Blocked","m150","done","21","m150done.wav","None","730.970871809","120","1466867.9984","1459101.45488","1459867.65367","1460634.47113","1461401.4308","1462184.42084","1462950.81843","1463717.79047","1467634.04106","1468417.38913","1469184.33705","1469950.93221","1470734.06014","1456784.52231","1457550.98143","1458334.7543","1469961.15196","Mapping"
"Blocked","m150","done","21","m150jaw.wav","space","406.323786359","120","1466867.9984","1459101.45488","1459867.65367","1460634.47113","1461401.4308","1462184.42084","1462950.81843","1463717.79047","1467634.04106","1468417.38913","1469184.33705","1469950.93221","1470734.06014","1471501.16636","1457550.98143","1458334.7543","1470743.56817","Mapping"
"Blocked","m150","done","21","m150lash.wav","None","721.305469342","120","1466867.9984","1459101.45488","1459867.65367","1460634.47113","1461401.4308","1462184.42084","1462950.81843","1463717.79047","1467634.04106","1468417.38913","1469184.33705","1469950.93221","1470734.06014","1471501.16636","1472267.67556","1458334.7543","1471510.87907","Mapping"
"Blocked","m150","done","21","m150gnash.wav","None","728.557458322","120","1466867.9984","1459101.45488","1459867.65367","1460634.47113","1461401.4308","1462184.42084","1462950.81843","1463717.79047","1467634.04106","1468417.38913","1469184.33705","1469950.93221","1470734.06014","1471501.16636","1472267.67556","1473050.66808","1472277.32984","Mapping"
"Blocked","m150","done","21","m150done.wav","None","719.674575608","120","1466867.9984","1473817.51985","1459867.65367","1460634.47113","1461401.4308","1462184.42084","1462950.81843","1463717.79047","1467634.04106","1468417.38913","1469184.33705","1469950.93221","1470734.06014","1471501.16636","1472267.67556","1473050.66808","1473059.83478","Mapping"
"Blocked","m150","done","21","m150reek.wav","space","362.77475144","120","1466867.9984","1473817.51985","1474584.25784","1460634.47113","1461401.4308","1462184.42084","1462950.81843","1463717.79047","1467634.04106","1468417.38913","1469184.33705","1469950.93221","1470734.06014","1471501.16636","1472267.67556","1473050.66808","1473827.00036","Mapping"
"Blocked","m150","done","21","m150tile.wav","None","724.605285039","120","1466867.9984","1473817.51985","1474584.25784","1475350.92936","1461401.4308","1462184.42084","1462950.81843","1463717.79047","1467634.04106","1468417.38913","1469184.33705","1469950.93221","1470734.06014","1471501.16636","1472267.67556","1473050.66808","1474594.54407","Mapping"
"Blocked","m150","done","21","m150done.wav","None","731.572833844","120","1466867.9984","1473817.51985","1474584.25784","1475350.92936","1476133.98062","1462184.42084","1462950.81843","1463717.79047","1467634.04106","1468417.38913","1469184.33705","1469950.93221","1470734.06014","1471501.16636","1472267.67556","1473050.66808","1475361.17292","Mapping"
"Blocked","m150","done","21","m150jaw.wav","space","390.553121862","120","1466867.9984","1473817.51985","1474584.25784","1475350.92936","1476133.98062","1476901.18145","1462950.81843","1463717.79047","1467634.04106","1468417.38913","1469184.33705","1469950.93221","1470734.06014","1471501.16636","1472267.67556","1473050.66808","1476143.22926","Mapping"
"Blocked","m150","done","21","m150greet.wav","None","721.201586828","120","1466867.9984","1473817.51985","1474584.25784","1475350.92936","1476133.98062","1476901.18145","1477667.57749","1463717.79047","1467634.04106","1468417.38913","1469184.33705","1469950.93221","1470734.06014","1471501.16636","1472267.67556","1473050.66808","1476911.20085","Mapping"
"Blocked","m150","done","21","m150greet.wav","None","729.277524923","120","1466867.9984","1473817.51985","1474584.25784","1475350.92936","1476133.98062","1476901.18145","1477667.57749","1478451.04181","1467634.04106","1468417.38913","1469184.33705","1469950.93221","1470734.06014","1471501.16636","1472267.67556","1473050.66808","1477677.2463","Mapping"
"Blocked","m150","ball","1","m150gnash.wav","None","719.313769368","120","1481584.46592","1473817.51985","1474584.25784","1475350.92936","1476133.98062","1476901.18145","1477667.57749","1478451.04181","1467634.04106","1468417.38913","1469184.33705","1469950.93221","1470734.06014","1471501.16636","1472267.67556","1473050.66808","1478460.8315","Mapping"
"Blocked","m150","ball","1","m150knife.wav","None","722.716849355","120","1481584.46592","1473817.51985","1474584.25784","1475350.92936","1476133.98062","1476901.18145","1477667.57749","1478451.04181","1482350.69934","1468417.38913","1469184.33705","1469950.93221","1470734.06014","1471501.16636","1472267.67556","1473050.66808","1481594.46244","Mapping"
"Blocked","m150","ball","1","m150gnash.wav","None","730.36489042","120","1481584.46592","1473817.51985","1474584.25784","1475350.92936","1476133.98062","1476901.18145","1477667.57749","1478451.04181","1482350.69934","1483134.48303","1469184.33705","1469950.93221","1470734.06014","1471501.16636","1472267.67556","1473050.66808","1482360.60682","Mapping"
"Blocked","m150","ball","1","m150ball.wav","None","720.943426364","120","1481584.46592","1473817.51985","1474584.25784","1475350.92936","1476133.98062","1476901.18145","1477667.57749","1478451.04181","1482350.69934","1483134.48303","1483900.45427","1469950.93221","1470734.06014","1471501.16636","1472267.67556","1473050.66808","1483144.54263","Mapping"
"Blocked","m150","ball","1","m150depth.wav","None","729.485599149","120","1481584.46592","1473817.51985","1474584.25784","1475350.92936","1476133.98062","1476901.18145","1477667.57749","1478451.04181","1482350.69934","1483134.48303","1483900.45427","1484683.92693","1470734.06014","1471501.16636","1472267.67556","1473050.66808","1483909.58356","Mapping"
"Blocked","m150","ball","1","m150priest.wav","space","47.1521504805","120","1481584.46592","1473817.51985","1474584.25784","1475350.92936","1476133.98062","1476901.18145","1477667.57749","1478451.04181","1482350.69934","1483134.48303","1483900.45427","1484683.92693","1485433.51689","1471501.16636","1472267.67556","1473050.66808","1484694.48554","Mapping"
"Blocked","m150","ball","1","m150lash.wav","None","736.627212958","120","1481584.46592","1473817.51985","1474584.25784","1475350.92936","1476133.98062","1476901.18145","1477667.57749","1478451.04181","1482350.69934","1483134.48303","1483900.45427","1484683.92693","1485433.51689","1486217.21958","1472267.67556","1473050.66808","1485442.41059","Mapping"
"Blocked","m150","ball","1","m150ball.wav","None","725.973689929","120","1481584.46592","1473817.51985","1474584.25784","1475350.92936","1476133.98062","1476901.18145","1477667.57749","1478451.04181","1482350.69934","1483134.48303","1483900.45427","1484683.92693","1485433.51689","1486217.21958","1486983.59893","1473050.66808","1486226.89611","Mapping"
"Blocked","m150","ball","1","m150reek.wav","space","357.07388923","120","1481584.46592","1473817.51985","1474584.25784","1475350.92936","1476133.98062","1476901.18145","1477667.57749","1478451.04181","1482350.69934","1483134.48303","1483900.45427","1484683.92693","1485433.51689","1486217.21958","1486983.59893","1487750.20738","1486992.50778","Mapping"
"Blocked","m150","ball","1","m150done.wav","None","733.844027156","120","1481584.46592","1488534.37723","1474584.25784","1475350.92936","1476133.98062","1476901.18145","1477667.57749","1478451.04181","1482350.69934","1483134.48303","1483900.45427","1484683.92693","1485433.51689","1486217.21958","1486983.59893","1487750.20738","1487759.26","Mapping"
"Blocked","m150","ball","1","m150gnash.wav","None","722.551441169","120","1481584.46592","1488534.37723","1489300.58097","1475350.92936","1476133.98062","1476901.18145","1477667.57749","1478451.04181","1482350.69934","1483134.48303","1483900.45427","1484683.92693","1485433.51689","1486217.21958","1486983.59893","1487750.20738","1488544.17898","Mapping"
"Blocked","m150","ball","1","m150ball.wav","space","583.236639155","120","1481584.46592","1488534.37723","1489300.58097","1490066.9866","1476133.98062","1476901.18145","1477667.57749","1478451.04181","1482350.69934","1483134.48303","1483900.45427","1484683.92693","1485433.51689","1486217.21958","1486983.59893","1487750.20738","1489310.34438","Mapping"
"Blocked","m150","ball","1","m150greet.wav","space","545.436697663","120","1481584.46592","1488534.37723","1489300.58097","1490066.9866","1490834.01831","1476901.18145","1477667.57749","1478451.04181","1482350.69934","1483134.48303","1483900.45427","1484683.92693","1485433.51689","1486217.21958","1486983.59893","1487750.20738","1490076.13908","Mapping"
"Blocked","m150","ball","1","m150ball.wav","None","728.860758187","120","1481584.46592","1488534.37723","1489300.58097","1490066.9866","1490834.01831","1491617.33824","1477667.57749","1478451.04181","1482350.69934","1483134.48303","1483900.45427","1484683.92693","1485433.51689","1486217.21958","1486983.59893","1487750.20738","1490843.75297","Mapping"
"Blocked","m150","ball","1","m150lash.wav","space","482.32281307","120","1481584.46592","1488534.37723","1489300.58097","1490066.9866","1490834.01831","1491617.33824","1492366.79711","1478451.04181","1482350.69934","1483134.48303","1483900.45427","1484683.92693","1485433.51689","1486217.21958","1486983.59893","1487750.20738","1491627.20893","Mapping"
"Blocked","m150","ball","1","m150greet.wav","None","736.532914802","120","1481584.46592","1488534.37723","1489300.58097","1490066.9866","1490834.01831","1491617.33824","1492366.79711","1493150.16063","1482350.69934","1483134.48303","1483900.45427","1484683.92693","1485433.51689","1486217.21958","1486983.59893","1487750.20738","1492375.8454","Mapping"
"Blocked","m150","done","22","m150cling.wav","None","726.940168301","120","1496284.1969","1488534.37723","1489300.58097","1490066.9866","1490834.01831","1491617.33824","1492366.79711","1493150.16063","1482350.69934","1483134.48303","1483900.45427","1484683.92693","1485433.51689","1486217.21958","1486983.59893","1487750.20738","1493159.5014","Mapping"
"Blocked","m150","done","22","m150done.wav","None","721.938348783","120","1496284.1969","1488534.37723","1489300.58097","1490066.9866","1490834.01831","1491617.33824","1492366.79711","1493150.16063","1497050.66468","1483134.48303","1483900.45427","1484683.92693","1485433.51689","1486217.21958","1486983.59893","1487750.20738","1496293.97021","Mapping"
"Blocked","m150","done","22","m150priest.wav","space","481.133729219","120","1496284.1969","1488534.37723","1489300.58097","1490066.9866","1490834.01831","1491617.33824","1492366.79711","1493150.16063","1497050.66468","1497816.90583","1483900.45427","1484683.92693","1485433.51689","1486217.21958","1486983.59893","1487750.20738","1497060.3341","Mapping"
"Blocked","m150","done","22","m150done.wav","None","729.64204126","120","1496284.1969","1488534.37723","1489300.58097","1490066.9866","1490834.01831","1491617.33824","1492366.79711","1493150.16063","1497050.66468","1497816.90583","1498600.66881","1484683.92693","1485433.51689","1486217.21958","1486983.59893","1487750.20738","1497826.03018","Mapping"
"Blocked","m150","done","22","m150bluff.wav","space","426.354561583","120","1496284.1969","1488534.37723","1489300.58097","1490066.9866","1490834.01831","1491617.33824","1492366.79711","1493150.16063","1497050.66468","1497816.90583","1498600.66881","1499366.79556","1485433.51689","1486217.21958","1486983.59893","1487750.20738","1498611.09076","Mapping"
"Blocked","m150","done","22","m150cad.wav","None","721.443670162","120","1496284.1969","1488534.37723","1489300.58097","1490066.9866","1490834.01831","1491617.33824","1492366.79711","1493150.16063","1497050.66468","1497816.90583","1498600.66881","1499366.79556","1500133.8857","1486217.21958","1486983.59893","1487750.20738","1499375.95794","Mapping"
"Blocked","m150","done","22","m150bluff.wav","None","726.873386709","120","1496284.1969","1488534.37723","1489300.58097","1490066.9866","1490834.01831","1491617.33824","1492366.79711","1493150.16063","1497050.66468","1497816.90583","1498600.66881","1499366.79556","1500133.8857","1500899.79789","1486983.59893","1487750.20738","1500144.38588","Mapping"
"Blocked","m150","done","22","m150priest.wav","None","736.679463414","120","1496284.1969","1488534.37723","1489300.58097","1490066.9866","1490834.01831","1491617.33824","1492366.79711","1493150.16063","1497050.66468","1497816.90583","1498600.66881","1499366.79556","1500133.8857","1500899.79789","1501683.43318","1487750.20738","1500908.92286","Mapping"
"Blocked","m150","done","22","m150ball.wav","None","726.597294211","120","1496284.1969","1488534.37723","1489300.58097","1490066.9866","1490834.01831","1491617.33824","1492366.79711","1493150.16063","1497050.66468","1497816.90583","1498600.66881","1499366.79556","1500133.8857","1500899.79789","1501683.43318","1502450.29855","1501692.769","Mapping"
"Blocked","m150","done","22","m150depth.wav","None","733.168481675","120","1496284.1969","1503234.18149","1489300.58097","1490066.9866","1490834.01831","1491617.33824","1492366.79711","1493150.16063","1497050.66468","1497816.90583","1498600.66881","1499366.79556","1500133.8857","1500899.79789","1501683.43318","1502450.29855","1502460.01188","Mapping"
"Blocked","m150","done","22","m150bluff.wav","None","722.705100721","120","1496284.1969","1503234.18149","1504000.13202","1490066.9866","1490834.01831","1491617.33824","1492366.79711","1493150.16063","1497050.66468","1497816.90583","1498600.66881","1499366.79556","1500133.8857","1500899.79789","1501683.43318","1502450.29855","1503244.37218","Mapping"
"Blocked","m150","done","22","m150done.wav","None","731.486265082","120","1496284.1969","1503234.18149","1504000.13202","1504784.09689","1490834.01831","1491617.33824","1492366.79711","1493150.16063","1497050.66468","1497816.90583","1498600.66881","1499366.79556","1500133.8857","1500899.79789","1501683.43318","1502450.29855","1504009.42456","Mapping"
"Blocked","m150","done","22","m150jolt.wav","space","443.240726367","120","1496284.1969","1503234.18149","1504000.13202","1504784.09689","1505550.77088","1491617.33824","1492366.79711","1493150.16063","1497050.66468","1497816.90583","1498600.66881","1499366.79556","1500133.8857","1500899.79789","1501683.43318","1502450.29855","1504794.11815","Mapping"
"Blocked","m150","done","22","m150done.wav","None","719.748159114","120","1496284.1969","1503234.18149","1504000.13202","1504784.09689","1505550.77088","1506316.71831","1492366.79711","1493150.16063","1497050.66468","1497816.90583","1498600.66881","1499366.79556","1500133.8857","1500899.79789","1501683.43318","1502450.29855","1505561.34896","Mapping"
"Blocked","m150","done","22","m150tile.wav","None","729.300403793","120","1496284.1969","1503234.18149","1504000.13202","1504784.09689","1505550.77088","1506316.71831","1507083.88142","1493150.16063","1497050.66468","1497816.90583","1498600.66881","1499366.79556","1500133.8857","1500899.79789","1501683.43318","1502450.29855","1506325.82195","Mapping"
"Blocked","m150","done","22","m150ball.wav","space","207.547373953","120","1496284.1969","1503234.18149","1504000.13202","1504784.09689","1505550.77088","1506316.71831","1507083.88142","1507849.95129","1497050.66468","1497816.90583","1498600.66881","1499366.79556","1500133.8857","1500899.79789","1501683.43318","1502450.29855","1507093.75181","Mapping"
"Blocked","m150","ball","2","m150dime.wav","None","735.687014356","120","1511000.58156","1503234.18149","1504000.13202","1504784.09689","1505550.77088","1506316.71831","1507083.88142","1507849.95129","1497050.66468","1497816.90583","1498600.66881","1499366.79556","1500133.8857","1500899.79789","1501683.43318","1502450.29855","1507859.09264","Mapping"
"Blocked","m150","ball","2","m150ball.wav","None","721.40255","120","1511000.58156","1503234.18149","1504000.13202","1504784.09689","1505550.77088","1506316.71831","1507083.88142","1507849.95129","1511766.96122","1497816.90583","1498600.66881","1499366.79556","1500133.8857","1500899.79789","1501683.43318","1502450.29855","1511011.17757","Mapping"
"Blocked","m150","ball","2","m150gnash.wav","space","613.012583693","120","1511000.58156","1503234.18149","1504000.13202","1504784.09689","1505550.77088","1506316.71831","1507083.88142","1507849.95129","1511766.96122","1512533.74342","1498600.66881","1499366.79556","1500133.8857","1500899.79789","1501683.43318","1502450.29855","1511776.23737","Mapping"
"Blocked","m150","ball","2","m150reek.wav","None","728.85642969","120","1511000.58156","1503234.18149","1504000.13202","1504784.09689","1505550.77088","1506316.71831","1507083.88142","1507849.95129","1511766.96122","1512533.74342","1513317.30575","1499366.79556","1500133.8857","1500899.79789","1501683.43318","1502450.29855","1512543.65678","Mapping"
"Blocked","m150","ball","2","m150reek.wav","None","719.122081471","120","1511000.58156","1503234.18149","1504000.13202","1504784.09689","1505550.77088","1506316.71831","1507083.88142","1507849.95129","1511766.96122","1512533.74342","1513317.30575","1514083.65974","1500133.8857","1500899.79789","1501683.43318","1502450.29855","1513327.41203","Mapping"
"Blocked","m150","ball","2","m150depth.wav","None","727.800909197","120","1511000.58156","1503234.18149","1504000.13202","1504784.09689","1505550.77088","1506316.71831","1507083.88142","1507849.95129","1511766.96122","1512533.74342","1513317.30575","1514083.65974","1514850.24191","1500899.79789","1501683.43318","1502450.29855","1514093.3774","Mapping"
"Blocked","m150","ball","2","m150gnash.wav","None","734.328193939","120","1511000.58156","1503234.18149","1504000.13202","1504784.09689","1505550.77088","1506316.71831","1507083.88142","1507849.95129","1511766.96122","1512533.74342","1513317.30575","1514083.65974","1514850.24191","1515633.69448","1501683.43318","1502450.29855","1514861.11279","Mapping"
"Blocked","m150","ball","2","m150done.wav","None","726.057785272","120","1511000.58156","1503234.18149","1504000.13202","1504784.09689","1505550.77088","1506316.71831","1507083.88142","1507849.95129","1511766.96122","1512533.74342","1513317.30575","1514083.65974","1514850.24191","1515633.69448","1516400.09949","1502450.29855","1515643.73367","Mapping"
"Blocked","m150","ball","2","m150ball.wav","None","734.090439044","120","1511000.58156","1503234.18149","1504000.13202","1504784.09689","1505550.77088","1506316.71831","1507083.88142","1507849.95129","1511766.96122","1512533.74342","1513317.30575","1514083.65974","1514850.24191","1515633.69448","1516400.09949","1517183.19063","1516409.64277","Mapping"
"Blocked","m150","ball","2","m150knife.wav","space","357.116555271","120","1511000.58156","1517950.17287","1504000.13202","1504784.09689","1505550.77088","1506316.71831","1507083.88142","1507849.95129","1511766.96122","1512533.74342","1513317.30575","1514083.65974","1514850.24191","1515633.69448","1516400.09949","1517183.19063","1517192.04971","Mapping"
"Blocked","m150","ball","2","m150cave.wav","None","724.346197152","120","1511000.58156","1517950.17287","1518716.95322","1504784.09689","1505550.77088","1506316.71831","1507083.88142","1507849.95129","1511766.96122","1512533.74342","1513317.30575","1514083.65974","1514850.24191","1515633.69448","1516400.09949","1517183.19063","1517960.01482","Mapping"
"Blocked","m150","ball","2","m150ball.wav","None","732.193655567","120","1511000.58156","1517950.17287","1518716.95322","1519500.4027","1505550.77088","1506316.71831","1507083.88142","1507849.95129","1511766.96122","1512533.74342","1513317.30575","1514083.65974","1514850.24191","1515633.69448","1516400.09949","1517183.19063","1518726.58431","Mapping"
"Blocked","m150","ball","2","m150cave.wav","None","722.083660658","120","1511000.58156","1517950.17287","1518716.95322","1519500.4027","1520267.02753","1506316.71831","1507083.88142","1507849.95129","1511766.96122","1512533.74342","1513317.30575","1514083.65974","1514850.24191","1515633.69448","1516400.09949","1517183.19063","1519510.73685","Mapping"
"Blocked","m150","ball","2","m150done.wav","space","80.5565629271","120","1511000.58156","1517950.17287","1518716.95322","1519500.4027","1520267.02753","1521033.47583","1507083.88142","1507849.95129","1511766.96122","1512533.74342","1513317.30575","1514083.65974","1514850.24191","1515633.69448","1516400.09949","1517183.19063","1520276.5671","Mapping"
"Blocked","m150","ball","2","m150ball.wav","None","729.21476257","120","1511000.58156","1517950.17287","1518716.95322","1519500.4027","1520267.02753","1521033.47583","1521817.25241","1507849.95129","1511766.96122","1512533.74342","1513317.30575","1514083.65974","1514850.24191","1515633.69448","1516400.09949","1517183.19063","1521043.89345","Mapping"
"Blocked","m150","ball","2","m150reek.wav","None","720.154413953","120","1511000.58156","1517950.17287","1518716.95322","1519500.4027","1520267.02753","1521033.47583","1521817.25241","1522583.5217","1511766.96122","1512533.74342","1513317.30575","1514083.65974","1514850.24191","1515633.69448","1516400.09949","1517183.19063","1521827.54482","Mapping"
"Blocked","m150","tile","14","m150park.wav","space","36.1050487263","120","1525717.05247","1517950.17287","1518716.95322","1519500.4027","1520267.02753","1521033.47583","1521817.25241","1522583.5217","1511766.96122","1512533.74342","1513317.30575","1514083.65974","1514850.24191","1515633.69448","1516400.09949","1517183.19063","1522592.98861","Mapping"
"Blocked","m150","tile","14","m150reek.wav","None","721.558992169","120","1525717.05247","1517950.17287","1518716.95322","1519500.4027","1520267.02753","1521033.47583","1521817.25241","1522583.5217","1526483.46212","1512533.74342","1513317.30575","1514083.65974","1514850.24191","1515633.69448","1516400.09949","1517183.19063","1525727.08363","Mapping"
"Blocked","m150","tile","14","m150bluff.wav","None","729.564129317","120","1525717.05247","1517950.17287","1518716.95322","1519500.4027","1520267.02753","1521033.47583","1521817.25241","1522583.5217","1526483.46212","1527266.6692","1513317.30575","1514083.65974","1514850.24191","1515633.69448","1516400.09949","1517183.19063","1526493.28582","Mapping"
"Blocked","m150","tile","14","m150gnash.wav","None","721.102651034","120","1525717.05247","1517950.17287","1518716.95322","1519500.4027","1520267.02753","1521033.47583","1521817.25241","1522583.5217","1526483.46212","1527266.6692","1528033.43193","1514083.65974","1514850.24191","1515633.69448","1516400.09949","1517183.19063","1527276.11602","Mapping"
"Blocked","m150","tile","14","m150priest.wav","None","728.027224657","120","1525717.05247","1517950.17287","1518716.95322","1519500.4027","1520267.02753","1521033.47583","1521817.25241","1522583.5217","1526483.46212","1527266.6692","1528033.43193","1528816.94138","1514850.24191","1515633.69448","1516400.09949","1517183.19063","1528043.6186","Mapping"
"Blocked","m150","tile","14","m150tile.wav","None","719.486288552","120","1525717.05247","1517950.17287","1518716.95322","1519500.4027","1520267.02753","1521033.47583","1521817.25241","1522583.5217","1526483.46212","1527266.6692","1528033.43193","1528816.94138","1529583.39648","1515633.69448","1516400.09949","1517183.19063","1528826.43179","Mapping"
"Blocked","m150","tile","14","m150greet.wav","space","443.591329909","120","1525717.05247","1517950.17287","1518716.95322","1519500.4027","1520267.02753","1521033.47583","1521817.25241","1522583.5217","1526483.46212","1527266.6692","1528033.43193","1528816.94138","1529583.39648","1530349.95114","1516400.09949","1517183.19063","1529593.40229","Mapping"
"Blocked","m150","tile","14","m150lash.wav","None","726.081591682","120","1525717.05247","1517950.17287","1518716.95322","1519500.4027","1520267.02753","1521033.47583","1521817.25241","1522583.5217","1526483.46212","1527266.6692","1528033.43193","1528816.94138","1529583.39648","1530349.95114","1531133.4476","1517183.19063","1530359.84285","Mapping"
"Blocked","m150","tile","14","m150tile.wav","None","721.699357207","120","1525717.05247","1517950.17287","1518716.95322","1519500.4027","1520267.02753","1521033.47583","1521817.25241","1522583.5217","1526483.46212","1527266.6692","1528033.43193","1528816.94138","1529583.39648","1530349.95114","1531133.4476","1531899.74595","1531142.2838","Mapping"
"Blocked","m150","tile","14","m150depth.wav","space","463.90098019","120","1525717.05247","1532666.30772","1518716.95322","1519500.4027","1520267.02753","1521033.47583","1521817.25241","1522583.5217","1526483.46212","1527266.6692","1528033.43193","1528816.94138","1529583.39648","1530349.95114","1531133.4476","1531899.74595","1531909.05333","Mapping"
"Blocked","m150","tile","14","m150tile.wav","None","728.849937033","120","1525717.05247","1532666.30772","1533433.20895","1519500.4027","1520267.02753","1521033.47583","1521817.25241","1522583.5217","1526483.46212","1527266.6692","1528033.43193","1528816.94138","1529583.39648","1530349.95114","1531133.4476","1531899.74595","1532675.7165","Mapping"
"Blocked","m150","tile","14","m150cave.wav","space","538.360628765","120","1525717.05247","1532666.30772","1533433.20895","1534199.72991","1520267.02753","1521033.47583","1521817.25241","1522583.5217","1526483.46212","1527266.6692","1528033.43193","1528816.94138","1529583.39648","1530349.95114","1531133.4476","1531899.74595","1533442.55003","Mapping"
"Blocked","m150","tile","14","m150tile.wav","None","734.955199121","120","1525717.05247","1532666.30772","1533433.20895","1534199.72991","1534983.09157","1521033.47583","1521817.25241","1522583.5217","1526483.46212","1527266.6692","1528033.43193","1528816.94138","1529583.39648","1530349.95114","1531133.4476","1531899.74595","1534209.84392","Mapping"
"Blocked","m150","tile","14","m150cave.wav","space","387.724487518","120","1525717.05247","1532666.30772","1533433.20895","1534199.72991","1534983.09157","1535749.98694","1521817.25241","1522583.5217","1526483.46212","1527266.6692","1528033.43193","1528816.94138","1529583.39648","1530349.95114","1531133.4476","1531899.74595","1534993.15921","Mapping"
"Blocked","m150","tile","14","m150greet.wav","None","725.508691976","120","1525717.05247","1532666.30772","1533433.20895","1534199.72991","1534983.09157","1535749.98694","1536516.21696","1522583.5217","1526483.46212","1527266.6692","1528033.43193","1528816.94138","1529583.39648","1530349.95114","1531133.4476","1531899.74595","1535759.88391","Mapping"
"Blocked","m150","tile","14","m150knife.wav","None","735.261590744","120","1525717.05247","1532666.30772","1533433.20895","1534199.72991","1534983.09157","1535749.98694","1536516.21696","1537299.68622","1526483.46212","1527266.6692","1528033.43193","1528816.94138","1529583.39648","1530349.95114","1531133.4476","1531899.74595","1536525.32832","Mapping"
"Blocked","m150","done","24","m150jaw.wav","None","725.735007436","120","1540433.60222","1532666.30772","1533433.20895","1534199.72991","1534983.09157","1535749.98694","1536516.21696","1537299.68622","1526483.46212","1527266.6692","1528033.43193","1528816.94138","1529583.39648","1530349.95114","1531133.4476","1531899.74595","1537309.39336","Mapping"
"Blocked","m150","done","24","m150greet.wav","None","721.499012376","120","1540433.60222","1532666.30772","1533433.20895","1534199.72991","1534983.09157","1535749.98694","1536516.21696","1537299.68622","1541199.41733","1527266.6692","1528033.43193","1528816.94138","1529583.39648","1530349.95114","1531133.4476","1531899.74595","1540443.65873","Mapping"
"Blocked","m150","done","24","m150lash.wav","None","730.68024806","120","1540433.60222","1532666.30772","1533433.20895","1534199.72991","1534983.09157","1535749.98694","1536516.21696","1537299.68622","1541199.41733","1541983.59615","1528033.43193","1528816.94138","1529583.39648","1530349.95114","1531133.4476","1531899.74595","1541208.75377","Mapping"
"Blocked","m150","done","24","m150cave.wav","None","725.790349592","120","1540433.60222","1532666.30772","1533433.20895","1534199.72991","1534983.09157","1535749.98694","1536516.21696","1537299.68622","1541199.41733","1541983.59615","1542749.73929","1528816.94138","1529583.39648","1530349.95114","1531133.4476","1531899.74595","1541988.09958","Mapping"
"Blocked","m150","done","24","m150lash.wav","None","727.840174281","120","1540433.60222","1532666.30772","1533433.20895","1534199.72991","1534983.09157","1535749.98694","1536516.21696","1537299.68622","1541199.41733","1541983.59615","1542749.73929","1543533.78856","1529583.39648","1530349.95114","1531133.4476","1531899.74595","1542760.335","Mapping"
"Blocked","m150","done","24","m150done.wav","None","719.17340433","120","1540433.60222","1532666.30772","1533433.20895","1534199.72991","1534983.09157","1535749.98694","1536516.21696","1537299.68622","1541199.41733","1541983.59615","1542749.73929","1543533.78856","1544299.70291","1530349.95114","1531133.4476","1531899.74595","1543543.78942","Mapping"
"Blocked","m150","done","24","m150cave.wav","space","623.344874824","120","1540433.60222","1532666.30772","1533433.20895","1534199.72991","1534983.09157","1535749.98694","1536516.21696","1537299.68622","1541199.41733","1541983.59615","1542749.73929","1543533.78856","1544299.70291","1545066.444","1531133.4476","1531899.74595","1544309.40449","Mapping"
"Blocked","m150","done","24","m150greet.wav","None","727.225226874","120","1540433.60222","1532666.30772","1533433.20895","1534199.72991","1534983.09157","1535749.98694","1536516.21696","1537299.68622","1541199.41733","1541983.59615","1542749.73929","1543533.78856","1544299.70291","1545066.444","1545832.72163","1531899.74595","1545075.6846","Mapping"
"Blocked","m150","done","24","m150done.wav","None","735.426998872","120","1540433.60222","1532666.30772","1533433.20895","1534199.72991","1534983.09157","1535749.98694","1536516.21696","1537299.68622","1541199.41733","1541983.59615","1542749.73929","1543533.78856","1544299.70291","1545066.444","1545832.72163","1546616.32384","1545841.97212","Mapping"
"Blocked","m150","done","24","m150greet.wav","space","514.754254487","120","1540433.60222","1547382.73596","1533433.20895","1534199.72991","1534983.09157","1535749.98694","1536516.21696","1537299.68622","1541199.41733","1541983.59615","1542749.73929","1543533.78856","1544299.70291","1545066.444","1545832.72163","1546616.32384","1546625.99883","Mapping"
"Blocked","m150","done","24","m150done.wav","None","726.224120997","120","1540433.60222","1547382.73596","1548149.55249","1534199.72991","1534983.09157","1535749.98694","1536516.21696","1537299.68622","1541199.41733","1541983.59615","1542749.73929","1543533.78856","1544299.70291","1545066.444","1545832.72163","1546616.32384","1547391.6343","Mapping"
"Blocked","m150","done","24","m150depth.wav","space","421.066755953","120","1540433.60222","1547382.73596","1548149.55249","1548916.31119","1534983.09157","1535749.98694","1536516.21696","1537299.68622","1541199.41733","1541983.59615","1542749.73929","1543533.78856","1544299.70291","1545066.444","1545832.72163","1546616.32384","1548159.65753","Mapping"
"Blocked","m150","done","24","m150greet.wav","None","731.655692507","120","1540433.60222","1547382.73596","1548149.55249","1548916.31119","1549699.51704","1535749.98694","1536516.21696","1537299.68622","1541199.41733","1541983.59615","1542749.73929","1543533.78856","1544299.70291","1545066.444","1545832.72163","1546616.32384","1548926.17694","Mapping"
"Blocked","m150","done","24","m150done.wav","None","723.290367401","120","1540433.60222","1547382.73596","1548149.55249","1548916.31119","1549699.51704","1550466.02717","1536516.21696","1537299.68622","1541199.41733","1541983.59615","1542749.73929","1543533.78856","1544299.70291","1545066.444","1545832.72163","1546616.32384","1549709.3327","Mapping"
"Blocked","m150","done","24","m150ball.wav","space","457.251571584","120","1540433.60222","1547382.73596","1548149.55249","1548916.31119","1549699.51704","1550466.02717","1551232.91079","1537299.68622","1541199.41733","1541983.59615","1542749.73929","1543533.78856","1544299.70291","1545066.444","1545832.72163","1546616.32384","1550475.42359","Mapping"
"Blocked","m150","done","24","m150cad.wav","None","730.778565456","120","1540433.60222","1547382.73596","1548149.55249","1548916.31119","1549699.51704","1550466.02717","1551232.91079","1552016.84783","1541199.41733","1541983.59615","1542749.73929","1543533.78856","1544299.70291","1545066.444","1545832.72163","1546616.32384","1551241.94331","Mapping"
